*************************************************
******************* ORCA 6.1.0 ******************
*************************************************
$Calculation_Status
   &GeometryIndex 1
   &version [&Type "String"] "6.1.0"
   &progName [&Type "String"] "ProgCIS"
   &Status [&Type "String"] "NORMAL TERMINATION"
$End
$Geometry
   &GeometryIndex 1
   &NAtoms [&Type "Integer"] 36
   &NCorelessECP [&Type "Integer"] 0
   &NGhostAtoms [&Type "Integer"] 0
   &CartesianCoordinates [&Type "Coordinates", &Dim(36,4), &Units "Bohr"] 
              C     12.817394609227    1.140794226578    3.347681432875
              C     10.157749397444    1.763746582393    2.570881814402
              N      8.410148915141    0.002574951659    2.832617980876
              C      5.982927665920    0.539138432639    2.135601201917
              C      4.104801067535   -1.346108857524    2.405194143543
              C      1.651224049450   -0.880791435961    1.716310715120
              C      0.900479615202    1.505398923033    0.729192531573
              C     -1.758214483782    1.966830637865   -0.000058145136
              C     -2.874212569987    4.352760151217    0.313449940922
              C     -5.354090521670    4.776456891513   -0.386302439651
              C     -6.851946281007    2.834604247972   -1.429399529433
              C     -9.415159229634    3.481435898989   -2.086921767388
              C    -11.346279294119    2.075933913742   -3.069665004580
              C    -11.243349452175   -0.540346876731   -3.698088860131
              N    -11.238567783487   -2.660336703022   -4.227889544479
              C    -13.727230350022    3.259609691076   -3.533313863353
              N    -15.660598416554    4.208255601434   -3.904284319391
              C     -5.729978962274    0.439473824499   -1.741866084582
              C     -3.249729733123    0.027360390951   -1.038999754784
              C      2.717021119676    3.367081348350    0.463089226013
              C      5.259802884038    2.933713293949    1.142269101387
              C      7.183353198981    4.780999181991    0.879577515974
              C      9.598156912620    4.204920754515    1.585323098093
              H     12.930581267086   -0.791491922811    4.042409658129
              H     13.467495389499    2.421460364111    4.832645989960
              H     14.116749722396    1.354935858885    1.756182372928
              H      4.652426759636   -3.160154219669    3.179037093733
              H      0.247845506883   -2.346556547733    1.975890611844
              H     -1.802446496333    5.878742578793    1.152994704235
              H     -6.172317988378    6.632977015403   -0.109555085241
              H     -9.901868590574    5.441398705006   -1.733821845784
              H     -6.780394776656   -1.111085349230   -2.551227353066
              H     -2.439075504990   -1.824953388896   -1.344951968499
              H      2.224954363916    5.191757182380   -0.325664793371
              H      6.715766637740    6.627785498287    0.124682023893
              H     11.101881512756    5.581794788427    1.406686808844
$End
$SCF_Mulliken_Population_Analysis
   &GeometryIndex 1
   &NAtoms [&Type "Integer"] 36
   &ATNO [&Type "ArrayOfIntegers", &Dim (36,1)] 
                                                         0

0                                                        6
1                                                        6
2                                                        7
3                                                        6
4                                                        6
5                                                        6
6                                                        6
7                                                        6
8                                                        6
9                                                        6
10                                                       6
11                                                       6
12                                                       6
13                                                       6
14                                                       7
15                                                       6
16                                                       7
17                                                       6
18                                                       6
19                                                       6
20                                                       6
21                                                       6
22                                                       6
23                                                       1
24                                                       1
25                                                       1
26                                                       1
27                                                       1
28                                                       1
29                                                       1
30                                                       1
31                                                       1
32                                                       1
33                                                       1
34                                                       1
35                                                       1
   &AtomicCharges [&Type "ArrayOfDoubles", &Dim (36,1)] 
                                                         0

0                                     -4.0243718962152197e-01
1                                      1.7091252097185539e-01
2                                     -2.4725402556117793e-01
3                                      1.8129796881846438e-01
4                                     -2.8719533916782236e-01
5                                     -1.7412713379667899e-01
6                                      1.3105489154061356e-01
7                                      1.4732183109917329e-01
8                                     -2.1209925399451102e-01
9                                     -1.8990151993225535e-01
10                                     1.7432608840560349e-01
11                                    -1.5214570961605389e-01
12                                     2.0373771285816922e-01
13                                    -1.9658464321068347e-01
14                                    -3.1445809169630579e-02
15                                    -1.9637085529166143e-01
16                                    -4.5558462241051423e-02
17                                    -1.8932128743373244e-01
18                                    -2.3143928723621165e-01
19                                    -2.4914906968005823e-01
20                                     5.4368913769113902e-02
21                                    -1.6673438468982393e-01
22                                    -2.0053562094130672e-01
23                                     1.3651941554417335e-01
24                                     1.4655326232982591e-01
25                                     1.4660672748625525e-01
26                                     1.3673456301585885e-01
27                                     1.6763176641260680e-01
28                                     1.7277602794514424e-01
29                                     1.6809100243092201e-01
30                                     1.9027062282418461e-01
31                                     1.7190197531023999e-01
32                                     1.7380703530032093e-01
33                                     1.6998753133933997e-01
34                                     1.6554574580968684e-01
35                                     1.6285398837370946e-01
   &Method [&Type "String"] "SCF"
   &Level [&Type "String"] "Relaxed density"
   &Mult [&Type "Integer"] 1
   &State [&Type "Integer"] -1
   &Irrep [&Type "Integer"] 0
$End
$SCF_Loewdin_Population_Analysis
   &GeometryIndex 1
   &NAtoms [&Type "Integer"] 36
   &ATNO [&Type "ArrayOfIntegers", &Dim (36,1)] 
                                                         0

0                                                        6
1                                                        6
2                                                        7
3                                                        6
4                                                        6
5                                                        6
6                                                        6
7                                                        6
8                                                        6
9                                                        6
10                                                       6
11                                                       6
12                                                       6
13                                                       6
14                                                       7
15                                                       6
16                                                       7
17                                                       6
18                                                       6
19                                                       6
20                                                       6
21                                                       6
22                                                       6
23                                                       1
24                                                       1
25                                                       1
26                                                       1
27                                                       1
28                                                       1
29                                                       1
30                                                       1
31                                                       1
32                                                       1
33                                                       1
34                                                       1
35                                                       1
   &AtomicCharges [&Type "ArrayOfDoubles", &Dim (36,1)] 
                                                         0

0                                     -2.5776677536253700e-01
1                                     -2.3060942335164025e-01
2                                      1.4838768446391359e-01
3                                     -1.6748945270341675e-01
4                                     -1.0489929856378666e-01
5                                     -9.4247586526313043e-02
6                                     -1.0395569717530950e-01
7                                     -7.3626001383156670e-02
8                                     -9.1519571684296253e-02
9                                     -7.2430308022531698e-02
10                                    -1.3792166591466337e-01
11                                     2.8831107002990741e-02
12                                    -1.6536551158782142e-01
13                                    -1.3999548754162117e-01
14                                     4.0369901920055185e-02
15                                    -1.3799185228140409e-01
16                                     2.9690523582924122e-02
17                                    -6.9934871068362270e-02
18                                    -8.8537395363511351e-02
19                                    -5.3635579790302756e-02
20                                    -1.0607042808174860e-01
21                                    -7.0603529452081482e-02
22                                    -1.1798397487156365e-01
23                                     1.2975198766640317e-01
24                                     1.3722143726458347e-01
25                                     1.3713359666694269e-01
26                                     1.5548960476144158e-01
27                                     1.5932628547288896e-01
28                                     1.6110569089205784e-01
29                                     1.6306386393672323e-01
30                                     1.8756076387262854e-01
31                                     1.6321598505862078e-01
32                                     1.6190451735655209e-01
33                                     1.6256594185698137e-01
34                                     1.6083645701912608e-01
35                                     1.5812906193234788e-01
   &Method [&Type "String"] "SCF"
   &Level [&Type "String"] "Relaxed density"
   &Mult [&Type "Integer"] 1
   &State [&Type "Integer"] -1
   &Irrep [&Type "Integer"] 0
$End
$SCF_Mayer_Population_Analysis
   &GeometryIndex 1
   &NAtoms [&Type "Integer"] 36 "Total number of atoms"
   &NBondOrdersPrint [&Type "Integer"] 38 "The number of bond orders larger than threshold"
   &bondThresh [&Type "Double"]       1.0000000000000001e-01  "The threshold for printing"
   &components [&Type "ArrayOfIntegers", &Dim (38,4)] "The indices and atomic numbers of the bonding atoms"
                                                         0                           1                           2                           3

0                                                        0                           6                           1                           6
1                                                        0                           6                          23                           1
2                                                        0                           6                          24                           1
3                                                        0                           6                          25                           1
4                                                        1                           6                           2                           7
5                                                        1                           6                          22                           6
6                                                        2                           7                           3                           6
7                                                        3                           6                           4                           6
8                                                        3                           6                          20                           6
9                                                        4                           6                           5                           6
10                                                       4                           6                          26                           1
11                                                       5                           6                           6                           6
12                                                       5                           6                          27                           1
13                                                       6                           6                           7                           6
14                                                       6                           6                          19                           6
15                                                       7                           6                           8                           6
16                                                       7                           6                          18                           6
17                                                       8                           6                           9                           6
18                                                       8                           6                          28                           1
19                                                       9                           6                          10                           6
20                                                       9                           6                          29                           1
21                                                      10                           6                          11                           6
22                                                      10                           6                          17                           6
23                                                      11                           6                          12                           6
24                                                      11                           6                          30                           1
25                                                      12                           6                          13                           6
26                                                      12                           6                          15                           6
27                                                      13                           6                          14                           7
28                                                      15                           6                          16                           7
29                                                      17                           6                          18                           6
30                                                      17                           6                          31                           1
31                                                      18                           6                          32                           1
32                                                      19                           6                          20                           6
33                                                      19                           6                          33                           1
34                                                      20                           6                          21                           6
35                                                      21                           6                          22                           6
36                                                      21                           6                          34                           1
37                                                      22                           6                          35                           1
   &BondOrders [&Type "ArrayOfDoubles", &Dim (38,1)] "The bond orders"
                                                         0

0                                      9.1714732431322110e-01
1                                      9.9679504781755068e-01
2                                      9.6079063816206589e-01
3                                      9.6177946978216278e-01
4                                      1.6292265931690604e+00
5                                      1.1963275568442751e+00
6                                      1.2966297652864500e+00
7                                      1.2568414414126967e+00
8                                      1.2014409960877768e+00
9                                      1.5894009789809174e+00
10                                     9.8952035740709676e-01
11                                     1.2275266539013079e+00
12                                     9.6427551354094565e-01
13                                     9.4023234566897096e-01
14                                     1.4938117125671977e+00
15                                     1.3436551853753045e+00
16                                     1.3296684299034989e+00
17                                     1.4812673212865688e+00
18                                     9.5467930616522090e-01
19                                     1.2888180921265233e+00
20                                     9.6496931561551391e-01
21                                     1.1060848668926726e+00
22                                     1.2721768056839273e+00
23                                     1.5975318571015562e+00
24                                     9.3044613221441930e-01
25                                     9.8016556944243149e-01
26                                     9.8414250560502958e-01
27                                     3.0536887726607356e+00
28                                     3.0678136279507684e+00
29                                     1.5177594876748084e+00
30                                     9.4271392917761687e-01
31                                     9.5158720124904428e-01
32                                     1.2268462368333475e+00
33                                     9.3114318339435775e-01
34                                     1.1876054332101900e+00
35                                     1.5956864704176699e+00
36                                     9.6642539662246629e-01
37                                     9.6310820592524693e-01
   &ATNO [&Type "ArrayOfIntegers", &Dim (36,1)] "Atomic number of the elements"
                                                         0

0                                                        6
1                                                        6
2                                                        7
3                                                        6
4                                                        6
5                                                        6
6                                                        6
7                                                        6
8                                                        6
9                                                        6
10                                                       6
11                                                       6
12                                                       6
13                                                       6
14                                                       7
15                                                       6
16                                                       7
17                                                       6
18                                                       6
19                                                       6
20                                                       6
21                                                       6
22                                                       6
23                                                       1
24                                                       1
25                                                       1
26                                                       1
27                                                       1
28                                                       1
29                                                       1
30                                                       1
31                                                       1
32                                                       1
33                                                       1
34                                                       1
35                                                       1
   &NA [&Type "ArrayOfDoubles", &Dim (36,1)] "Mulliken gross atomic population"
                                                         0

0                                      6.4024371896215237e+00
1                                      5.8290874790281491e+00
2                                      7.2472540255611735e+00
3                                      5.8187020311815356e+00
4                                      6.2871953391678215e+00
5                                      6.1741271337966808e+00
6                                      5.8689451084593820e+00
7                                      5.8526781689008311e+00
8                                      6.2120992539945092e+00
9                                      6.1899015199322491e+00
10                                     5.8256739115943947e+00
11                                     6.1521457096160512e+00
12                                     5.7962622871418272e+00
13                                     6.1965846432106861e+00
14                                     7.0314458091696315e+00
15                                     6.1963708552916561e+00
16                                     7.0455584622410470e+00
17                                     6.1893212874337369e+00
18                                     6.2314392872362099e+00
19                                     6.2491490696800520e+00
20                                     5.9456310862308861e+00
21                                     6.1667343846898222e+00
22                                     6.2005356209413067e+00
23                                     8.6348058445582598e-01
24                                     8.5344673767017443e-01
25                                     8.5339327251374508e-01
26                                     8.6326543698414127e-01
27                                     8.3236823358739298e-01
28                                     8.2722397205485554e-01
29                                     8.3190899756907810e-01
30                                     8.0972937717581495e-01
31                                     8.2809802468976001e-01
32                                     8.2619296469967884e-01
33                                     8.3001246866066003e-01
34                                     8.3445425419031305e-01
35                                     8.3714601162629054e-01
   &ZA [&Type "ArrayOfDoubles", &Dim (36,1)] "Total nuclear charge"
                                                         0

0                                      6.0000000000000000e+00
1                                      6.0000000000000000e+00
2                                      7.0000000000000000e+00
3                                      6.0000000000000000e+00
4                                      6.0000000000000000e+00
5                                      6.0000000000000000e+00
6                                      6.0000000000000000e+00
7                                      6.0000000000000000e+00
8                                      6.0000000000000000e+00
9                                      6.0000000000000000e+00
10                                     6.0000000000000000e+00
11                                     6.0000000000000000e+00
12                                     6.0000000000000000e+00
13                                     6.0000000000000000e+00
14                                     7.0000000000000000e+00
15                                     6.0000000000000000e+00
16                                     7.0000000000000000e+00
17                                     6.0000000000000000e+00
18                                     6.0000000000000000e+00
19                                     6.0000000000000000e+00
20                                     6.0000000000000000e+00
21                                     6.0000000000000000e+00
22                                     6.0000000000000000e+00
23                                     1.0000000000000000e+00
24                                     1.0000000000000000e+00
25                                     1.0000000000000000e+00
26                                     1.0000000000000000e+00
27                                     1.0000000000000000e+00
28                                     1.0000000000000000e+00
29                                     1.0000000000000000e+00
30                                     1.0000000000000000e+00
31                                     1.0000000000000000e+00
32                                     1.0000000000000000e+00
33                                     1.0000000000000000e+00
34                                     1.0000000000000000e+00
35                                     1.0000000000000000e+00
   &QA [&Type "ArrayOfDoubles", &Dim (36,1)] "Mulliken gross atomic charge"
                                                         0

0                                     -4.0243718962152375e-01
1                                      1.7091252097185095e-01
2                                     -2.4725402556117348e-01
3                                      1.8129796881846438e-01
4                                     -2.8719533916782147e-01
5                                     -1.7412713379668077e-01
6                                      1.3105489154061800e-01
7                                      1.4732183109916885e-01
8                                     -2.1209925399450924e-01
9                                     -1.8990151993224913e-01
10                                     1.7432608840560526e-01
11                                    -1.5214570961605123e-01
12                                     2.0373771285817277e-01
13                                    -1.9658464321068614e-01
14                                    -3.1445809169631467e-02
15                                    -1.9637085529165610e-01
16                                    -4.5558462241046982e-02
17                                    -1.8932128743373688e-01
18                                    -2.3143928723620988e-01
19                                    -2.4914906968005202e-01
20                                     5.4368913769113902e-02
21                                    -1.6673438468982216e-01
22                                    -2.0053562094130672e-01
23                                     1.3651941554417402e-01
24                                     1.4655326232982557e-01
25                                     1.4660672748625492e-01
26                                     1.3673456301585873e-01
27                                     1.6763176641260702e-01
28                                     1.7277602794514446e-01
29                                     1.6809100243092190e-01
30                                     1.9027062282418505e-01
31                                     1.7190197531023999e-01
32                                     1.7380703530032116e-01
33                                     1.6998753133933997e-01
34                                     1.6554574580968695e-01
35                                     1.6285398837370946e-01
   &VA [&Type "ArrayOfDoubles", &Dim (36,1)] "Mayer's total valence"
                                                         0

0                                      3.8205247200152521e+00
1                                      3.7969460359388072e+00
2                                      3.1265467316270259e+00
3                                      3.8631442113514280e+00
4                                      4.0623459158325552e+00
5                                      3.8936458931066089e+00
6                                      3.6749218957068028e+00
7                                      3.6749657165920215e+00
8                                      3.9249925476217484e+00
9                                      3.9316687421686050e+00
10                                     3.6934369317484945e+00
11                                     3.8551861068426110e+00
12                                     3.6636210238261855e+00
13                                     4.0996177784185157e+00
14                                     3.1772717293660224e+00
15                                     4.1159621375947282e+00
16                                     3.1733312337292090e+00
17                                     3.9136239409638880e+00
18                                     3.9654186580099866e+00
19                                     3.8568222425313698e+00
20                                     3.7239142055497214e+00
21                                     3.9206470817223646e+00
22                                     3.8269599755077395e+00
23                                     9.9219020141206915e-01
24                                     9.5850689388800481e-01
25                                     9.5858464673596500e-01
26                                     1.0069230372245355e+00
27                                     9.6550430621923444e-01
28                                     9.6702258365040050e-01
29                                     9.7107541304004608e-01
30                                     9.6937992614937962e-01
31                                     9.8114257070821087e-01
32                                     9.6806184141149332e-01
33                                     9.7290292282730007e-01
34                                     9.7120597486317162e-01
35                                     9.6504423912763582e-01
   &BVA [&Type "ArrayOfDoubles", &Dim (36,1)] "Mayer's bonded valence"
                                                         0

0                                      3.8205247200152805e+00
1                                      3.7969460359387770e+00
2                                      3.1265467316269131e+00
3                                      3.8631442113511794e+00
4                                      4.0623459158323829e+00
5                                      3.8936458931066165e+00
6                                      3.6749218957066461e+00
7                                      3.6749657165917871e+00
8                                      3.9249925476214873e+00
9                                      3.9316687421684620e+00
10                                     3.6934369317484488e+00
11                                     3.8551861068423858e+00
12                                     3.6636210238259928e+00
13                                     4.0996177784185628e+00
14                                     3.1772717293660122e+00
15                                     4.1159621375945692e+00
16                                     3.1733312337292139e+00
17                                     3.9136239409639089e+00
18                                     3.9654186580100044e+00
19                                     3.8568222425312477e+00
20                                     3.7239142055497121e+00
21                                     3.9206470817221963e+00
22                                     3.8269599755077355e+00
23                                     9.9219020141206449e-01
24                                     9.5850689388801291e-01
25                                     9.5858464673597010e-01
26                                     1.0069230372245372e+00
27                                     9.6550430621923755e-01
28                                     9.6702258365037896e-01
29                                     9.7107541304001632e-01
30                                     9.6937992614934010e-01
31                                     9.8114257070822120e-01
32                                     9.6806184141154805e-01
33                                     9.7290292282725233e-01
34                                     9.7120597486312110e-01
35                                     9.6504423912769510e-01
   &FA [&Type "ArrayOfDoubles", &Dim (36,1)] "Mayer's free valence"
                                                         0

0                                      0.0000000000000000e+00
1                                      0.0000000000000000e+00
2                                      0.0000000000000000e+00
3                                      0.0000000000000000e+00
4                                      0.0000000000000000e+00
5                                      0.0000000000000000e+00
6                                      0.0000000000000000e+00
7                                      0.0000000000000000e+00
8                                      0.0000000000000000e+00
9                                      0.0000000000000000e+00
10                                     0.0000000000000000e+00
11                                     0.0000000000000000e+00
12                                     0.0000000000000000e+00
13                                     0.0000000000000000e+00
14                                     0.0000000000000000e+00
15                                     0.0000000000000000e+00
16                                     0.0000000000000000e+00
17                                     0.0000000000000000e+00
18                                     0.0000000000000000e+00
19                                     0.0000000000000000e+00
20                                     0.0000000000000000e+00
21                                     0.0000000000000000e+00
22                                     0.0000000000000000e+00
23                                     0.0000000000000000e+00
24                                     0.0000000000000000e+00
25                                     0.0000000000000000e+00
26                                     0.0000000000000000e+00
27                                     0.0000000000000000e+00
28                                     0.0000000000000000e+00
29                                     0.0000000000000000e+00
30                                     0.0000000000000000e+00
31                                     0.0000000000000000e+00
32                                     0.0000000000000000e+00
33                                     0.0000000000000000e+00
34                                     0.0000000000000000e+00
35                                     0.0000000000000000e+00
   &Method [&Type "String"] "SCF"
   &Level [&Type "String"] "Relaxed density"
   &Mult [&Type "Integer"] 1
   &State [&Type "Integer"] -1
   &Irrep [&Type "Integer"] 0
$End
$SCF_Energy
   &GeometryIndex 1
   &Method [&Type "String"] "SCF"
   &totalEnergy [&Type "ArrayOfDoubles", &Dim (1,1)] "Total energy of each state"
                                                         0

0                                     -9.3402821581491969e+02
   &Mult [&Type "ArrayOfIntegers", &Dim (1,1)] "Multiplicity of each state"
                                                         0

0                                                        1
$End
$DFT_Energy
   &GeometryIndex 1
   &nAlphaEl [&Type "Integer"] 77
   &nBetaEl [&Type "Integer"] 77
   &nTotalEl [&Type "Integer"] 154
   &finalEn [&Type "Double"]      -9.3402821581491969e+02  "No Van der Waals correction"
   &eExchange [&Type "Double"]       0.0000000000000000e+00
   &eCorr [&Type "Double"]       0.0000000000000000e+00
   &eXC [&Type "Double"]      -9.7310157006028888e+01
   &eCNL [&Type "Double"]       0.0000000000000000e+00
$End
$Solvation_Details
   &GeometryIndex 1
   &Solvent [&Type "String"] "TETRAHYDROFURAN"
   &Epsilon [&Type "Double"]       7.5650000000000004e+00
   &Refrac [&Type "Double"]       1.4050000000000000e+00
   &RSolv [&Type "Double"]       1.3000000000000000e+00
   &SurfaceType [&Type "String"] "GAUSSIAN VDW"
   &CPCMDielEnergy [&Type "Double"]      -2.5507555000000001e-02
   &NPoints [&Type "Integer"] 3516
   &SurfaceArea [&Type "Double"]       1.2635273925199999e+03
$End
$SCF_Timings
   &GeometryIndex 1
   &TOTAL [&Type "Double"]       1.8944543600000000e+02
   &PREP [&Type "Double"]       3.3070160000000004e+00
   &FOCK [&Type "Double"]       1.6610253100000000e+02
   &DENS [&Type "Double"]       2.0456159999999386e+00
   &ETOT [&Type "Double"]       1.3596860000000142e+00
   &POP [&Type "Double"]       7.0655200000001628e-01
   &TRAFO [&Type "Double"]       1.1617600000000010e+00
   &DIIS [&Type "Double"]       5.7370379999999983e+00
   &SOSCF [&Type "Double"]       4.6018809999999810e+00
   &XC [&Type "Double"]       1.0485059999999997e+01
   &FOCKSTART [&Type "Double"]       5.8402399999998700e-01
   &SOLV [&Type "Double"]       1.4040355999999992e+01
   &SOLV_INIT [&Type "Double"]       9.1857100000000003e-01
   &INT_PREP [&Type "Double"]       9.9999999747524271e-07
   &INT_BF [&Type "Double"]       2.5176620000000440e+00
   &INT_DENS [&Type "Double"]       2.6436519999997010e+00
   &INT_DENSIO [&Type "Double"]       2.4746758090600022e+05
   &INT_FUNC [&Type "Double"]       6.3113999999983861e-01
   &INT_POT [&Type "Double"]       2.2756480000000465e+00
   &INT_POTIO [&Type "Double"]       6.2939000000532985e-02
   &INT_SUM [&Type "Double"]       3.9830000000264931e-03
   &SPLITRIJ [&Type "Double"]       1.2564112999999953e+01
   &COSX [&Type "Double"]       1.3246351000000001e+02
   &FROZCORE [&Type "Double"]       8.5688000000004649e-02
$End
$CIS_Absorption_Spectrum
   &GeometryIndex 1
   &Method [&Type "Integer"] 20
   &RelCorrection [&Type "Integer"] 1 "Type of relativistic treatment in QDPT. 0->Unknow, 1->None, 2->SOC, 3->SSC, 4->SOC/SSC"
   &DensType [&Type "Integer"] 3 "Type of density (electron/spin ...). 0->Unknow, 1->Electronic, 2->Spin, 3->Trans/Electronic, 4->Tran/Spin"
   &DeriType [&Type "Integer"] 0 "Type of derivative (w.r.t. to what perturbation). 0->Unknown, 1->No Derivative, 2->Electric/Dipole, 3->Electric/Quad, 4->Magnetic/Dipole, 5->Magnetic/Quad"
   &DensLevel [&Type "Integer"] 0 "// Source of density: relaxed, unrelaxed, ... 0->Unknown, 1->Linearized, 2->Unrelaxed, 3->Relaxed"
   &Density_name [&Type "String"] "Tdens-CIS"
   &Representation [&Type "String"] "Length" "Possible values: Unknown,  Length, Velocity"
   &PointGroup [&Type "String"] "C1"
   &DoHigherMoments [&Type "Boolean"] false
   &NTrans [&Type "Integer"] 10
   &ExcitationEnergies [&Type "ArrayOfDoubles", &Dim (10,11)] 
                                                         0                           1                           2                           3                           4                           5                           6                           7

0                                      3.6415775675627495e+00         2.9371306943816962e+04         3.4046833595551414e+02         1.7367890870047726e+00         1.9467016500922767e+01         4.2405783677637148e+00         0.0000000000000000e+00         2.7284769207191256e-01
1                                      4.3343453024106786e+00         3.4958856131904038e+04         2.8605054931628132e+02         4.8456602351701128e-02         4.5632192160144136e-01         6.4156215594850408e-01         0.0000000000000000e+00         6.1366825402754961e-02
2                                      4.4564831248641257e+00         3.5943964208327779e+04         2.7821082677583797e+02         3.1456484244267578e-02         2.8811097087221293e-01        -1.1378527375096523e-02         0.0000000000000000e+00        -5.1102481926938226e-01
3                                      4.7030217530007405e+00         3.7932432553752718e+04         2.6362664682338391e+02         1.0161888086606267e-01         8.8194052881885110e-01        -6.1186420078959292e-01         0.0000000000000000e+00         4.1924953183314345e-01
4                                      4.7895450585558637e+00         3.8630290149287626e+04         2.5886422186721285e+02         2.7165124667992099e-03         2.3150443729380427e-02        -3.6761298757561692e-02         0.0000000000000000e+00         5.6258684998071122e-02
5                                      5.0831993458345393e+00         4.0998771953398245e+04         2.4390974469592945e+02         6.2187934025176368e-02         4.9935668478150863e-01         1.6818808998753762e-01         0.0000000000000000e+00        -6.8422615826162103e-01
6                                      5.1184641926705385e+00         4.1283202154740917e+04         2.4222927190863780e+02         4.5100875768278939e-02         3.5965589755335126e-01         4.4121944610348096e-01         0.0000000000000000e+00         4.0617660716026849e-01
7                                      5.4768250985304867e+00         4.4173578088630857e+04         2.2637966931127417e+02         7.2871354853555376e-04         5.4308755714955982e-03        -3.6424739347190843e-02         0.0000000000000000e+00        -1.4074833514221318e-02
8                                      5.6522223589164744e+00         4.5588252546698037e+04         2.1935475569625228e+02         7.5767699743451467e-01         5.4715042937121119e+00         2.2028916504179765e+00         0.0000000000000000e+00         5.0192370649135787e-01
9                                      5.8032343322124111e+00         4.6806246379748532e+04         2.1364669832457787e+02         3.5924504868579477e-01         2.5267516857140300e+00        -1.4972397401907038e+00         0.0000000000000000e+00         5.3374202978244167e-01
                                                         8                           9                          10

0                                      0.0000000000000000e+00         1.1874618918972630e+00         0.0000000000000000e+00
1                                      0.0000000000000000e+00         2.0237103151423746e-01         0.0000000000000000e+00
2                                      0.0000000000000000e+00        -1.6381432805979557e-01         0.0000000000000000e+00
3                                      0.0000000000000000e+00        -5.7601437366497543e-01         0.0000000000000000e+00
4                                      0.0000000000000000e+00         1.3650645041654819e-01         0.0000000000000000e+00
5                                      0.0000000000000000e+00         5.3888918326458174e-02         0.0000000000000000e+00
6                                      0.0000000000000000e+00        -1.3644520004931831e-03         0.0000000000000000e+00
7                                      0.0000000000000000e+00        -6.2498103943493824e-02         0.0000000000000000e+00
8                                      0.0000000000000000e+00         6.0567752401162445e-01         0.0000000000000000e+00
9                                      0.0000000000000000e+00        -1.2012150158205304e-02         0.0000000000000000e+00
   &States [&Type "ArrayOfIntegers", &Dim (10,4)] "The initial and Final states. Col1: Initial State  Col2: Initial Irrep Col3: Final State Col4: Final Irrep"
                                                         0                           1                           2                           3

0                                                        0                           0                           1                           0
1                                                        0                           0                           2                           0
2                                                        0                           0                           3                           0
3                                                        0                           0                           4                           0
4                                                        0                           0                           5                           0
5                                                        0                           0                           6                           0
6                                                        0                           0                           7                           0
7                                                        0                           0                           8                           0
8                                                        0                           0                           9                           0
9                                                        0                           0                          10                           0
   &Multiplicities [&Type "ArrayOfDoubles", &Dim (10,2)] "Col1: Multiplicity of the initial state  Col2: Multiplicity of the final state"
                                                         0                           1

0                                      1.0000000000000000e+00         1.0000000000000000e+00
1                                      1.0000000000000000e+00         1.0000000000000000e+00
2                                      1.0000000000000000e+00         1.0000000000000000e+00
3                                      1.0000000000000000e+00         1.0000000000000000e+00
4                                      1.0000000000000000e+00         1.0000000000000000e+00
5                                      1.0000000000000000e+00         1.0000000000000000e+00
6                                      1.0000000000000000e+00         1.0000000000000000e+00
7                                      1.0000000000000000e+00         1.0000000000000000e+00
8                                      1.0000000000000000e+00         1.0000000000000000e+00
9                                      1.0000000000000000e+00         1.0000000000000000e+00
   &Temperature [&Type "Double"]       2.9814999999999998e+02
$End
$CIS_Absorption_Spectrum
   &GeometryIndex 1
   &Method [&Type "Integer"] 20
   &RelCorrection [&Type "Integer"] 1 "Type of relativistic treatment in QDPT. 0->Unknow, 1->None, 2->SOC, 3->SSC, 4->SOC/SSC"
   &DensType [&Type "Integer"] 3 "Type of density (electron/spin ...). 0->Unknow, 1->Electronic, 2->Spin, 3->Trans/Electronic, 4->Tran/Spin"
   &DeriType [&Type "Integer"] 0 "Type of derivative (w.r.t. to what perturbation). 0->Unknown, 1->No Derivative, 2->Electric/Dipole, 3->Electric/Quad, 4->Magnetic/Dipole, 5->Magnetic/Quad"
   &DensLevel [&Type "Integer"] 0 "// Source of density: relaxed, unrelaxed, ... 0->Unknown, 1->Linearized, 2->Unrelaxed, 3->Relaxed"
   &Density_name [&Type "String"] "Tdens-CIS"
   &Representation [&Type "String"] "Velocity" "Possible values: Unknown,  Length, Velocity"
   &PointGroup [&Type "String"] "C1"
   &DoHigherMoments [&Type "Boolean"] false
   &NTrans [&Type "Integer"] 10
   &ExcitationEnergies [&Type "ArrayOfDoubles", &Dim (10,11)] 
                                                         0                           1                           2                           3                           4                           5                           6                           7

0                                      3.6415775675627495e+00         2.9371306943816962e+04         3.4046833595551414e+02         9.8803527370846844e-01         1.9833650328289520e-01        -4.2728488187478209e-01         0.0000000000000000e+00         7.2466043227094592e-03
1                                      4.3343453024106786e+00         3.4958856131904038e+04         2.8605054931628132e+02         1.9306954879668551e-02         4.6129412802959329e-03        -6.5459712783819221e-02         0.0000000000000000e+00         5.6464036242594015e-03
2                                      4.4564831248641257e+00         3.5943964208327779e+04         2.7821082677583797e+02         5.0099700102626055e-04         1.2307448584262710e-04        -1.4616178937174953e-03         0.0000000000000000e+00        -1.0874874132536592e-02
3                                      4.7030217530007405e+00         3.7932432553752718e+04         2.6362664682338391e+02         2.7222577707815693e-02         7.0574347461847663e-03         6.8165301299991585e-02         0.0000000000000000e+00         4.4156403163595891e-02
4                                      4.7895450585558637e+00         3.8630290149287626e+04         2.5886422186721285e+02         1.5126464738148535e-03         3.9936715110202106e-04        -2.5783352429436458e-03         0.0000000000000000e+00         6.0366506046378799e-03
5                                      5.0831993458345393e+00         4.0998771953398245e+04         2.4390974469592945e+02         1.5961450170410164e-03         4.4724976973129312e-04         7.5177779122025971e-03         0.0000000000000000e+00        -4.2484131675489326e-03
6                                      5.1184641926705385e+00         4.1283202154740917e+04         2.4222927190863780e+02         3.9717209637026582e-03         1.1206217212751657e-03        -3.0020527739521990e-02         0.0000000000000000e+00        -8.0227218597091580e-03
7                                      5.4768250985304867e+00         4.4173578088630857e+04         2.2637966931127417e+02         2.7966071874327094e-04         8.4430814540260846e-05         8.4301930222234756e-03         0.0000000000000000e+00        -2.3669526447705307e-03
8                                      5.6522223589164744e+00         4.5588252546698037e+04         2.1935475569625228e+02         3.3310353427437839e-01         1.0378608190826538e-01        -3.1582478265663827e-01         0.0000000000000000e+00         3.0932388891211117e-03
9                                      5.8032343322124111e+00         4.6806246379748532e+04         2.1364669832457787e+02         1.4272177359068819e-01         4.5656327957350105e-02         2.1181424848527464e-01         0.0000000000000000e+00         7.0403885030117970e-03
                                                         8                           9                          10

0                                      0.0000000000000000e+00        -1.2534600005560140e-01         0.0000000000000000e+00
1                                      0.0000000000000000e+00        -1.7207132494049589e-02         0.0000000000000000e+00
2                                      0.0000000000000000e+00        -1.6356257447467733e-03         0.0000000000000000e+00
3                                      0.0000000000000000e+00         2.1474135710666222e-02         0.0000000000000000e+00
4                                      0.0000000000000000e+00         1.8875332790564008e-02         0.0000000000000000e+00
5                                      0.0000000000000000e+00         1.9305019309803571e-02         0.0000000000000000e+00
6                                      0.0000000000000000e+00        -1.2450926450569898e-02         0.0000000000000000e+00
7                                      0.0000000000000000e+00        -2.7857127141414370e-03         0.0000000000000000e+00
8                                      0.0000000000000000e+00        -6.3491892721255397e-02         0.0000000000000000e+00
9                                      0.0000000000000000e+00         2.7230222652323076e-02         0.0000000000000000e+00
   &States [&Type "ArrayOfIntegers", &Dim (10,4)] "The initial and Final states. Col1: Initial State  Col2: Initial Irrep Col3: Final State Col4: Final Irrep"
                                                         0                           1                           2                           3

0                                                        0                           0                           1                           0
1                                                        0                           0                           2                           0
2                                                        0                           0                           3                           0
3                                                        0                           0                           4                           0
4                                                        0                           0                           5                           0
5                                                        0                           0                           6                           0
6                                                        0                           0                           7                           0
7                                                        0                           0                           8                           0
8                                                        0                           0                           9                           0
9                                                        0                           0                          10                           0
   &Multiplicities [&Type "ArrayOfDoubles", &Dim (10,2)] "Col1: Multiplicity of the initial state  Col2: Multiplicity of the final state"
                                                         0                           1

0                                      1.0000000000000000e+00         1.0000000000000000e+00
1                                      1.0000000000000000e+00         1.0000000000000000e+00
2                                      1.0000000000000000e+00         1.0000000000000000e+00
3                                      1.0000000000000000e+00         1.0000000000000000e+00
4                                      1.0000000000000000e+00         1.0000000000000000e+00
5                                      1.0000000000000000e+00         1.0000000000000000e+00
6                                      1.0000000000000000e+00         1.0000000000000000e+00
7                                      1.0000000000000000e+00         1.0000000000000000e+00
8                                      1.0000000000000000e+00         1.0000000000000000e+00
9                                      1.0000000000000000e+00         1.0000000000000000e+00
   &Temperature [&Type "Double"]       2.9814999999999998e+02
$End
$CIS_ECD_Spectrum
   &GeometryIndex 1
   &Method [&Type "Integer"] 20
   &RelCorrection [&Type "Integer"] 1 "Type of relativistic treatment in QDPT. 0->Unknow, 1->None, 2->SOC, 3->SSC, 4->SOC/SSC"
   &DensType [&Type "Integer"] 3 "Type of density (electron/spin ...). 0->Unknow, 1->Electronic, 2->Spin, 3->Trans/Electronic, 4->Tran/Spin"
   &DeriType [&Type "Integer"] 0 "Type of derivative (w.r.t. to what perturbation). 0->Unknown, 1->No Derivative, 2->Electric/Dipole, 3->Electric/Quad, 4->Magnetic/Dipole, 5->Magnetic/Quad"
   &DensLevel [&Type "Integer"] 0 "// Source of density: relaxed, unrelaxed, ... 0->Unknown, 1->Linearized, 2->Unrelaxed, 3->Relaxed"
   &Density_name [&Type "String"] "Tdens-CIS"
   &Representation [&Type "String"] "Length" "Possible values: Unknown,  Length, Velocity"
   &PointGroup [&Type "String"] "C1"
   &DoHigherMoments [&Type "Boolean"] false
   &NTrans [&Type "Integer"] 10
   &ExcitationEnergies [&Type "ArrayOfDoubles", &Dim (10,10)] 
                                                         0                           1                           2                           3                           4                           5                           6                           7

0                                      3.6415775675627495e+00         2.9371306943816962e+04         3.4046833595551414e+02         9.6811499546370925e+01        -1.1500157690659185e-01         0.0000000000000000e+00        -1.5067059873444139e-01         0.0000000000000000e+00
1                                      4.3343453024106786e+00         3.4958856131904038e+04         2.8605054931628132e+02        -4.9561838567219612e+00        -2.2924004065718609e-02         0.0000000000000000e+00         2.3144021394116945e-02         0.0000000000000000e+00
2                                      4.4564831248641257e+00         3.5943964208327779e+04         2.7821082677583797e+02         4.7228233639667900e+00        -5.3323404525842624e-02         0.0000000000000000e+00        -3.7843936209011206e-02         0.0000000000000000e+00
3                                      4.7030217530007405e+00         3.7932432553752718e+04         2.6362664682338391e+02        -7.0255875592739784e+01         5.6862488015561888e-02         0.0000000000000000e+00         9.5914468167773298e-02         0.0000000000000000e+00
4                                      4.7895450585558637e+00         3.8630290149287626e+04         2.5886422186721285e+02         1.4726263945627285e+00         2.0821987527233765e-01         0.0000000000000000e+00         5.0980037058892647e-02         0.0000000000000000e+00
5                                      5.0831993458345393e+00         4.0998771953398245e+04         2.4390974469592945e+02         1.9891865562413887e+01         3.9004634381369883e-02         0.0000000000000000e+00         6.0655476865879111e-02         0.0000000000000000e+00
6                                      5.1184641926705385e+00         4.1283202154740917e+04         2.4222927190863780e+02         1.9773678905989258e+00         3.9322185524178722e-03         0.0000000000000000e+00        -1.4465801932557332e-02         0.0000000000000000e+00
7                                      5.4768250985304867e+00         4.4173578088630857e+04         2.2637966931127417e+02        -1.2679490486202047e+00        -5.4889304378484653e-02         0.0000000000000000e+00        -2.5824890311988893e-02         0.0000000000000000e+00
8                                      5.6522223589164744e+00         4.5588252546698037e+04         2.1935475569625228e+02         2.6700330216607913e+01        -8.3848931431015523e-03         0.0000000000000000e+00        -4.0247611064861556e-02         0.0000000000000000e+00
9                                      5.8032343322124111e+00         4.6806246379748532e+04         2.1364669832457787e+02        -6.4772597527220285e+01        -8.4143330256950741e-02         0.0000000000000000e+00         3.0304422003193176e-02         0.0000000000000000e+00
                                                         8                           9

0                                      2.7237522024272726e-01         0.0000000000000000e+00
1                                      1.1760341474853406e-01         0.0000000000000000e+00
2                                      1.8291180546334956e-01         0.0000000000000000e+00
3                                     -2.4930050777793777e-01         0.0000000000000000e+00
4                                      1.2180788554038343e-02         0.0000000000000000e+00
5                                     -1.3455355712453435e-01         0.0000000000000000e+00
6                                      3.9225768412483028e-02         0.0000000000000000e+00
7                                     -5.2266157069025170e-03         0.0000000000000000e+00
8                                     -2.9656336175466591e-02         0.0000000000000000e+00
9                                      3.9688840273729964e-01         0.0000000000000000e+00
   &States [&Type "ArrayOfIntegers", &Dim (10,4)] "The initial and Final states. Col1: Initial State  Col2: Initial Irrep Col3: Final State Col4: Final Irrep"
                                                         0                           1                           2                           3

0                                                        0                           0                           1                           0
1                                                        0                           0                           2                           0
2                                                        0                           0                           3                           0
3                                                        0                           0                           4                           0
4                                                        0                           0                           5                           0
5                                                        0                           0                           6                           0
6                                                        0                           0                           7                           0
7                                                        0                           0                           8                           0
8                                                        0                           0                           9                           0
9                                                        0                           0                          10                           0
   &Multiplicities [&Type "ArrayOfDoubles", &Dim (10,2)] "Col1: Multiplicity of the initial state  Col2: Multiplicity of the final state"
                                                         0                           1

0                                      1.0000000000000000e+00         1.0000000000000000e+00
1                                      1.0000000000000000e+00         1.0000000000000000e+00
2                                      1.0000000000000000e+00         1.0000000000000000e+00
3                                      1.0000000000000000e+00         1.0000000000000000e+00
4                                      1.0000000000000000e+00         1.0000000000000000e+00
5                                      1.0000000000000000e+00         1.0000000000000000e+00
6                                      1.0000000000000000e+00         1.0000000000000000e+00
7                                      1.0000000000000000e+00         1.0000000000000000e+00
8                                      1.0000000000000000e+00         1.0000000000000000e+00
9                                      1.0000000000000000e+00         1.0000000000000000e+00
   &Temperature [&Type "Double"]       2.9814999999999998e+02
$End
$CIS_ECD_Spectrum
   &GeometryIndex 1
   &Method [&Type "Integer"] 20
   &RelCorrection [&Type "Integer"] 1 "Type of relativistic treatment in QDPT. 0->Unknow, 1->None, 2->SOC, 3->SSC, 4->SOC/SSC"
   &DensType [&Type "Integer"] 3 "Type of density (electron/spin ...). 0->Unknow, 1->Electronic, 2->Spin, 3->Trans/Electronic, 4->Tran/Spin"
   &DeriType [&Type "Integer"] 0 "Type of derivative (w.r.t. to what perturbation). 0->Unknown, 1->No Derivative, 2->Electric/Dipole, 3->Electric/Quad, 4->Magnetic/Dipole, 5->Magnetic/Quad"
   &DensLevel [&Type "Integer"] 0 "// Source of density: relaxed, unrelaxed, ... 0->Unknown, 1->Linearized, 2->Unrelaxed, 3->Relaxed"
   &Density_name [&Type "String"] "Tdens-CIS"
   &Representation [&Type "String"] "Velocity" "Possible values: Unknown,  Length, Velocity"
   &PointGroup [&Type "String"] "C1"
   &DoHigherMoments [&Type "Boolean"] false
   &NTrans [&Type "Integer"] 10
   &ExcitationEnergies [&Type "ArrayOfDoubles", &Dim (10,10)] 
                                                         0                           1                           2                           3                           4                           5                           6                           7

0                                      3.6415775675627495e+00         2.9371306943816962e+04         3.4046833595551414e+02         4.8987131079287273e+01        -1.1500157690659185e-01         0.0000000000000000e+00        -1.5067059873444139e-01         0.0000000000000000e+00
1                                      4.3343453024106786e+00         3.4958856131904038e+04         2.8605054931628132e+02        -1.1612455140175020e+00        -2.2924004065718609e-02         0.0000000000000000e+00         2.3144021394116945e-02         0.0000000000000000e+00
2                                      4.4564831248641257e+00         3.5943964208327779e+04         2.7821082677583797e+02         5.4784658564582800e-01        -5.3323404525842624e-02         0.0000000000000000e+00        -3.7843936209011206e-02         0.0000000000000000e+00
3                                      4.7030217530007405e+00         3.7932432553752718e+04         2.6362664682338391e+02         7.5226081658037298e+00         5.6862488015561888e-02         0.0000000000000000e+00         9.5914468167773298e-02         0.0000000000000000e+00
4                                      4.7895450585558637e+00         3.8630290149287626e+04         2.5886422186721285e+02         2.1547678591468684e-03         2.0821987527233765e-01         0.0000000000000000e+00         5.0980037058892647e-02         0.0000000000000000e+00
5                                      5.0831993458345393e+00         4.0998771953398245e+04         2.4390974469592945e+02        -6.4659486640847437e+00         3.9004634381369883e-02         0.0000000000000000e+00         6.0655476865879111e-02         0.0000000000000000e+00
6                                      5.1184641926705385e+00         4.1283202154740917e+04         2.4222927190863780e+02        -1.2291026561430232e+00         3.9322185524178722e-03         0.0000000000000000e+00        -1.4465801932557332e-02         0.0000000000000000e+00
7                                      5.4768250985304867e+00         4.4173578088630857e+04         2.2637966931127417e+02        -9.0659901086640493e-01        -5.4889304378484653e-02         0.0000000000000000e+00        -2.5824890311988893e-02         0.0000000000000000e+00
8                                      5.6522223589164744e+00         4.5588252546698037e+04         2.1935475569625228e+02         1.0001636328834460e+01        -8.3848931431015523e-03         0.0000000000000000e+00        -4.0247611064861556e-02         0.0000000000000000e+00
9                                      5.8032343322124111e+00         4.6806246379748532e+04         2.1364669832457787e+02        -1.5036820103405596e+01        -8.4143330256950741e-02         0.0000000000000000e+00         3.0304422003193176e-02         0.0000000000000000e+00
                                                         8                           9

0                                      2.7237522024272726e-01         0.0000000000000000e+00
1                                      1.1760341474853406e-01         0.0000000000000000e+00
2                                      1.8291180546334956e-01         0.0000000000000000e+00
3                                     -2.4930050777793777e-01         0.0000000000000000e+00
4                                      1.2180788554038343e-02         0.0000000000000000e+00
5                                     -1.3455355712453435e-01         0.0000000000000000e+00
6                                      3.9225768412483028e-02         0.0000000000000000e+00
7                                     -5.2266157069025170e-03         0.0000000000000000e+00
8                                     -2.9656336175466591e-02         0.0000000000000000e+00
9                                      3.9688840273729964e-01         0.0000000000000000e+00
   &States [&Type "ArrayOfIntegers", &Dim (10,4)] "The initial and Final states. Col1: Initial State  Col2: Initial Irrep Col3: Final State Col4: Final Irrep"
                                                         0                           1                           2                           3

0                                                        0                           0                           1                           0
1                                                        0                           0                           2                           0
2                                                        0                           0                           3                           0
3                                                        0                           0                           4                           0
4                                                        0                           0                           5                           0
5                                                        0                           0                           6                           0
6                                                        0                           0                           7                           0
7                                                        0                           0                           8                           0
8                                                        0                           0                           9                           0
9                                                        0                           0                          10                           0
   &Multiplicities [&Type "ArrayOfDoubles", &Dim (10,2)] "Col1: Multiplicity of the initial state  Col2: Multiplicity of the final state"
                                                         0                           1

0                                      1.0000000000000000e+00         1.0000000000000000e+00
1                                      1.0000000000000000e+00         1.0000000000000000e+00
2                                      1.0000000000000000e+00         1.0000000000000000e+00
3                                      1.0000000000000000e+00         1.0000000000000000e+00
4                                      1.0000000000000000e+00         1.0000000000000000e+00
5                                      1.0000000000000000e+00         1.0000000000000000e+00
6                                      1.0000000000000000e+00         1.0000000000000000e+00
7                                      1.0000000000000000e+00         1.0000000000000000e+00
8                                      1.0000000000000000e+00         1.0000000000000000e+00
9                                      1.0000000000000000e+00         1.0000000000000000e+00
   &Temperature [&Type "Double"]       2.9814999999999998e+02
$End
$CIS_Energies
   &GeometryIndex 1
   &e0 [&Type "Double"]      -9.3402821581491969e+02  "Ground state energy"
   &multP1 [&Type "Boolean"] false "Do the higher multiplicity too?"
   &mode [&Type "String"] "TDA" "CIS mode: CIS, RPA, TDA, TD-DFT, sTDA, sTD-DFT"
   &dCorr [&Type "Integer"] 0 "(D) Correction algorithm"
   &Method [&Type "String"] "TDA/CIS"
   &totalEnergy [&Type "ArrayOfDoubles", &Dim (10,1)] "Total energy of each state"
                                                         0

0                                     -9.3389439029366508e+02
1                                     -9.3386893154632162e+02
2                                     -9.3386444306366502e+02
3                                     -9.3385538293524326e+02
4                                     -9.3385220326207923e+02
5                                     -9.3384141166493907e+02
6                                     -9.3384011570558562e+02
7                                     -9.3382694618382368e+02
8                                     -9.3382050045271887e+02
9                                     -9.3381495086447944e+02
   &Mult [&Type "ArrayOfIntegers", &Dim (10,1)] "Multiplicity of each state"
                                                         0

0                                                        1
1                                                        1
2                                                        1
3                                                        1
4                                                        1
5                                                        1
6                                                        1
7                                                        1
8                                                        1
9                                                        1
   &RelCorr [&Type "String"] "None" "Relativistic correction (SOC and/or SSC)"
   &NBlocks [&Type "Integer"] 1 "Number of multiplicity blocks"
   &NRoots [&Type "ArrayOfIntegers", &Dim (1,1)] "Number of roots in each block"
                                                         0

0                                                       10
   &NTotalRoots [&Type "Integer"] 10 "Total number of roots"
   &Block [&Type "ArrayOfIntegers", &Dim (10,1)] "Block index of each state"
                                                         0

0                                                        0
1                                                        0
2                                                        0
3                                                        0
4                                                        0
5                                                        0
6                                                        0
7                                                        0
8                                                        0
9                                                        0
   &Root [&Type "ArrayOfIntegers", &Dim (10,1)] "Root index within the block"
                                                         0

0                                                        0
1                                                        1
2                                                        2
3                                                        3
4                                                        4
5                                                        5
6                                                        6
7                                                        7
8                                                        8
9                                                        9
$End
$Single_Point_Data
   &GeometryIndex 1
   &FinalEnergy [&Type "Double"]      -9.3389439029366508e+02  "Final single point energy"
   &Converged [&Type "Boolean"] true
$End
$Calculation_Info
   &GeometryIndex 1
   &Mult [&Type "Integer"] 1
   &Charge [&Type "Integer"] 0
   &NumOfAtoms [&Type "Integer"] 36
   &NumOfElectrons [&Type "Integer"] 154
   &NumOfBasisFuncts [&Type "Integer"] 791
   &NumOfAuxCBasisFuncts [&Type "Integer"] 0
   &NumOfAuxJBasisFuncts [&Type "Integer"] 1270
   &NumOfAuxJKBasisFuncts [&Type "Integer"] 0
   &NumOfCABSBasisFuncts [&Type "Integer"] 0
$End
$SCF_Dipole_Moment
   &GeometryIndex 1
   &dipoleMagnitude [&Type "Double", &Units "a.u."]       4.2700587291397349e+00
   &dipoleElecContrib [&Type "ArrayOfDoubles", &Dim (3,1)] "Electronic contribution"
                                                         0

0                                     -2.3234659182935186e+01
1                                     -8.2314458894669174e-01
2                                     -6.3880196343015978e+00
   &dipoleNucContrib [&Type "ArrayOfDoubles", &Dim (3,1)] "Nuclear contribution"
                                                         0

0                                      2.6749613232900494e+01
1                                      3.0198710074822355e+00
2                                      7.4141251937071253e+00
   &dipoleTotal [&Type "ArrayOfDoubles", &Dim (3,1)] "Total"
                                                         0

0                                      3.5149540499653078e+00
1                                      2.1967264185355440e+00
2                                      1.0261055594055275e+00
   &doAtomicDipole [&Type "Boolean"] false
   &Method [&Type "String"] "SCF"
   &Level [&Type "String"] "Relaxed density"
   &Mult [&Type "Integer"] 1
   &State [&Type "Integer"] -1
   &Irrep [&Type "Integer"] 0
$End
$Calculation_Timings
   &GeometryIndex 1
   &GTOINT [&Type "Double"]       3.0639601999999996e+01
   &SCF [&Type "Double"]       2.0358423199999999e+02
   &CIS [&Type "Double"]       2.1011207500000000e+02
   &PROPINT [&Type "Double"]       3.9922210000000007e+00
   &PROP [&Type "Double"]       3.4177830000000426e+00
   &SUM [&Type "Double"]       4.5174591300000003e+02
$End
