*************************************************
******************* ORCA 6.1.0 ******************
*************************************************
$Calculation_Status
   &GeometryIndex 1
   &version [&Type "String"] "6.1.0"
   &progName [&Type "String"] "ProgCIS"
   &Status [&Type "String"] "NORMAL TERMINATION"
$End
$Geometry
   &GeometryIndex 1
   &NAtoms [&Type "Integer"] 33
   &NCorelessECP [&Type "Integer"] 0
   &NGhostAtoms [&Type "Integer"] 0
   &CartesianCoordinates [&Type "Coordinates", &Dim(33,4), &Units "Bohr"] 
              C     -9.858723511846    2.214014328137    0.096324331246
              C     -7.036329901966    2.499758844773    0.220799886252
              N     -5.627129677157    0.368000942493    0.299128305825
              C     -3.100769426505    0.616536081076    0.396035220930
              C     -1.558073340968   -1.496659174994    0.478176220047
              C      1.072451610346   -1.281563202956    0.570161203407
              C      2.253479652177    1.080070015177    0.588814460662
              C      4.991866623255    1.289500630407    0.655084929326
              C      6.730637917385    3.240915595382    0.678147550710
              C      9.188382870306    2.123229499641    0.725593189347
              C      8.787923655366   -0.435823796797    0.733009169926
              C     10.292937215112   -2.652526987338    0.746222218014
              C     10.416108506085   -5.096934500949    0.712761498576
              C      8.039351956912   -6.382568769827    0.642231611962
              N      6.128367532340   -7.458730832115    0.586993658699
              C     12.678812072716   -6.865627228866    0.762629919940
              N     14.555912247515   -8.332904461751    0.803999909533
              O      6.267622013153   -0.945503874415    0.694730579348
              C      0.722889430232    3.221718586817    0.517032830985
              C     -1.914849184936    2.997107755255    0.425199437865
              C     -3.426647461491    5.147663135476    0.347819541570
              C     -6.037068900346    4.915504667059    0.243019225097
              H    -10.337798834296    0.249583177296    0.093283177593
              H    -10.549767137052    3.078920545981   -1.595688701168
              H    -10.698392463438    3.110062717151    1.702738193307
              H     -2.369636594759   -3.269957637743    0.471289290030
              H      2.163203509421   -2.897262591534    0.625347823583
              H      6.327930327834    5.149027110320    0.663766075505
              H     10.904850232568    3.048673972340    0.749301938520
              H     12.141028304752   -2.033406591635    0.813446042740
              H      1.540218903453    4.992319863297    0.531642234184
              H     -2.605976653133    6.916659005512    0.368382099498
              H     -7.190229096078    6.487124809529    0.183845975930
$End
$SCF_Mulliken_Population_Analysis
   &GeometryIndex 1
   &NAtoms [&Type "Integer"] 33
   &ATNO [&Type "ArrayOfIntegers", &Dim (33,1)] 
                                                         0

0                                                        6
1                                                        6
2                                                        7
3                                                        6
4                                                        6
5                                                        6
6                                                        6
7                                                        6
8                                                        6
9                                                        6
10                                                       6
11                                                       6
12                                                       6
13                                                       6
14                                                       7
15                                                       6
16                                                       7
17                                                       8
18                                                       6
19                                                       6
20                                                       6
21                                                       6
22                                                       1
23                                                       1
24                                                       1
25                                                       1
26                                                       1
27                                                       1
28                                                       1
29                                                       1
30                                                       1
31                                                       1
32                                                       1
   &AtomicCharges [&Type "ArrayOfDoubles", &Dim (33,1)] 
                                                         0

0                                     -3.9028140282430090e-01
1                                      1.9157232728418450e-01
2                                     -2.5533049095712101e-01
3                                      1.7162901314463319e-01
4                                     -2.8721501796178028e-01
5                                     -1.9869085244447593e-01
6                                      6.6763655457584115e-02
7                                      2.9639902496523973e-01
8                                     -2.3750851002696294e-01
9                                     -1.9305430923782474e-01
10                                     2.5255760802278093e-01
11                                    -1.8295205698396089e-01
12                                     2.2455727330686592e-01
13                                    -1.6998038097302270e-01
14                                    -6.5218493283525802e-02
15                                    -6.2592408768058938e-02
16                                    -1.9461827747948046e-01
17                                    -2.5084624411395495e-01
18                                    -2.5256378137688529e-01
19                                     9.0515555854028484e-02
20                                    -1.4972997951746336e-01
21                                    -2.0712515074141535e-01
22                                     1.3342039569556463e-01
23                                     1.4510425306242913e-01
24                                     1.4508026239683991e-01
25                                     1.3122821763450432e-01
26                                     1.9982879041542101e-01
27                                     1.8184638279053389e-01
28                                     1.8797020710526424e-01
29                                     1.8337642306866808e-01
30                                     1.6747870209153548e-01
31                                     1.6300130183391381e-01
32                                     1.6537796256050241e-01
   &Method [&Type "String"] "SCF"
   &Level [&Type "String"] "Relaxed density"
   &Mult [&Type "Integer"] 1
   &State [&Type "Integer"] -1
   &Irrep [&Type "Integer"] 0
$End
$SCF_Loewdin_Population_Analysis
   &GeometryIndex 1
   &NAtoms [&Type "Integer"] 33
   &ATNO [&Type "ArrayOfIntegers", &Dim (33,1)] 
                                                         0

0                                                        6
1                                                        6
2                                                        7
3                                                        6
4                                                        6
5                                                        6
6                                                        6
7                                                        6
8                                                        6
9                                                        6
10                                                       6
11                                                       6
12                                                       6
13                                                       6
14                                                       7
15                                                       6
16                                                       7
17                                                       8
18                                                       6
19                                                       6
20                                                       6
21                                                       6
22                                                       1
23                                                       1
24                                                       1
25                                                       1
26                                                       1
27                                                       1
28                                                       1
29                                                       1
30                                                       1
31                                                       1
32                                                       1
   &AtomicCharges [&Type "ArrayOfDoubles", &Dim (33,1)] 
                                                         0

0                                     -2.4670904490806222e-01
1                                     -2.1337177686619047e-01
2                                      1.4891744076793767e-01
3                                     -1.9227782800214221e-01
4                                     -8.4937789821394105e-02
5                                     -7.2359327617637526e-02
6                                     -1.2487979580482644e-01
7                                     -1.4970425788790376e-01
8                                     -1.0657483151353553e-01
9                                     -6.3856760147712244e-02
10                                    -2.3088811360829098e-01
11                                    -2.6706615523731436e-02
12                                    -1.7763951957781376e-01
13                                    -1.4101066146830732e-01
14                                     2.3044452257573234e-02
15                                    -5.0199306974120006e-02
16                                    -2.0299406597662717e-02
17                                     3.9316111039757295e-01
18                                    -2.4472147627675689e-02
19                                    -1.0657160669114685e-01
20                                    -4.4133311318778290e-02
21                                    -1.0731016090429968e-01
22                                     1.2626899240138167e-01
23                                     1.3370408387827226e-01
24                                     1.3365647530581948e-01
25                                     1.4433645009841489e-01
26                                     1.4574334637322928e-01
27                                     1.4295355285013334e-01
28                                     1.4872996634390256e-01
29                                     1.9564449784117799e-01
30                                     1.5124279984893763e-01
31                                     1.4924060351384738e-01
32                                     1.4725849098334909e-01
   &Method [&Type "String"] "SCF"
   &Level [&Type "String"] "Relaxed density"
   &Mult [&Type "Integer"] 1
   &State [&Type "Integer"] -1
   &Irrep [&Type "Integer"] 0
$End
$SCF_Mayer_Population_Analysis
   &GeometryIndex 1
   &NAtoms [&Type "Integer"] 33 "Total number of atoms"
   &NBondOrdersPrint [&Type "Integer"] 35 "The number of bond orders larger than threshold"
   &bondThresh [&Type "Double"]       1.0000000000000001e-01  "The threshold for printing"
   &components [&Type "ArrayOfIntegers", &Dim (35,4)] "The indices and atomic numbers of the bonding atoms"
                                                         0                           1                           2                           3

0                                                        0                           6                           1                           6
1                                                        0                           6                          22                           1
2                                                        0                           6                          23                           1
3                                                        0                           6                          24                           1
4                                                        1                           6                           2                           7
5                                                        1                           6                          21                           6
6                                                        2                           7                           3                           6
7                                                        3                           6                           4                           6
8                                                        3                           6                          19                           6
9                                                        4                           6                           5                           6
10                                                       4                           6                          25                           1
11                                                       5                           6                           6                           6
12                                                       5                           6                          26                           1
13                                                       6                           6                           7                           6
14                                                       6                           6                          18                           6
15                                                       7                           6                           8                           6
16                                                       7                           6                          17                           8
17                                                       8                           6                           9                           6
18                                                       8                           6                          27                           1
19                                                       9                           6                          10                           6
20                                                       9                           6                          28                           1
21                                                      10                           6                          11                           6
22                                                      10                           6                          17                           8
23                                                      11                           6                          12                           6
24                                                      11                           6                          29                           1
25                                                      12                           6                          13                           6
26                                                      12                           6                          15                           6
27                                                      13                           6                          14                           7
28                                                      15                           6                          16                           7
29                                                      18                           6                          19                           6
30                                                      18                           6                          30                           1
31                                                      19                           6                          20                           6
32                                                      20                           6                          21                           6
33                                                      20                           6                          31                           1
34                                                      21                           6                          32                           1
   &BondOrders [&Type "ArrayOfDoubles", &Dim (35,1)] "The bond orders"
                                                         0

0                                      9.1429930573357809e-01
1                                      1.0003189002384008e+00
2                                      9.6350861433921031e-01
3                                      9.6373726504156054e-01
4                                      1.5491816531522717e+00
5                                      1.2500988493097123e+00
6                                      1.3627170310431800e+00
7                                      1.2808726557400310e+00
8                                      1.1484980884496707e+00
9                                      1.5577793375396649e+00
10                                     1.0044334945274151e+00
11                                     1.2735472863137960e+00
12                                     9.4256668321653958e-01
13                                     1.0405560689701931e+00
14                                     1.4659829699446525e+00
15                                     1.4998819920065236e+00
16                                     1.1124092675865078e+00
17                                     1.3088750873229671e+00
18                                     9.6042966799240359e-01
19                                     1.4637550029776736e+00
20                                     9.7123422908923851e-01
21                                     1.2016231013553917e+00
22                                     1.0073817715993962e+00
23                                     1.6388204477992800e+00
24                                     9.1497492245972145e-01
25                                     9.5454714669833973e-01
26                                     9.3794230028508629e-01
27                                     3.0555891862700166e+00
28                                     3.0240087710159096e+00
29                                     1.2284893912684594e+00
30                                     9.3633144030151572e-01
31                                     1.2306140609919309e+00
32                                     1.5206118214261342e+00
33                                     9.6997656969126222e-01
34                                     9.7078327001264109e-01
   &ATNO [&Type "ArrayOfIntegers", &Dim (33,1)] "Atomic number of the elements"
                                                         0

0                                                        6
1                                                        6
2                                                        7
3                                                        6
4                                                        6
5                                                        6
6                                                        6
7                                                        6
8                                                        6
9                                                        6
10                                                       6
11                                                       6
12                                                       6
13                                                       6
14                                                       7
15                                                       6
16                                                       7
17                                                       8
18                                                       6
19                                                       6
20                                                       6
21                                                       6
22                                                       1
23                                                       1
24                                                       1
25                                                       1
26                                                       1
27                                                       1
28                                                       1
29                                                       1
30                                                       1
31                                                       1
32                                                       1
   &NA [&Type "ArrayOfDoubles", &Dim (33,1)] "Mulliken gross atomic population"
                                                         0

0                                      6.3902814028242974e+00
1                                      5.8084276727158226e+00
2                                      7.2553304909571175e+00
3                                      5.8283709868553650e+00
4                                      6.2872150179617794e+00
5                                      6.1986908524444804e+00
6                                      5.9332363445424114e+00
7                                      5.7036009750347567e+00
8                                      6.2375085100269620e+00
9                                      6.1930543092378185e+00
10                                     5.7474423919772164e+00
11                                     6.1829520569839698e+00
12                                     5.7754427266931341e+00
13                                     6.1699803809730183e+00
14                                     7.0652184932835294e+00
15                                     6.0625924087680616e+00
16                                     7.1946182774794858e+00
17                                     8.2508462441139550e+00
18                                     6.2525637813768906e+00
19                                     5.9094844441459751e+00
20                                     6.1497299795174616e+00
21                                     6.2071251507414216e+00
22                                     8.6657960430443537e-01
23                                     8.5489574693757053e-01
24                                     8.5491973760316031e-01
25                                     8.6877178236549613e-01
26                                     8.0017120958457877e-01
27                                     8.1815361720946567e-01
28                                     8.1202979289473520e-01
29                                     8.1662357693133136e-01
30                                     8.3252129790846463e-01
31                                     8.3699869816608619e-01
32                                     8.3462203743949726e-01
   &ZA [&Type "ArrayOfDoubles", &Dim (33,1)] "Total nuclear charge"
                                                         0

0                                      6.0000000000000000e+00
1                                      6.0000000000000000e+00
2                                      7.0000000000000000e+00
3                                      6.0000000000000000e+00
4                                      6.0000000000000000e+00
5                                      6.0000000000000000e+00
6                                      6.0000000000000000e+00
7                                      6.0000000000000000e+00
8                                      6.0000000000000000e+00
9                                      6.0000000000000000e+00
10                                     6.0000000000000000e+00
11                                     6.0000000000000000e+00
12                                     6.0000000000000000e+00
13                                     6.0000000000000000e+00
14                                     7.0000000000000000e+00
15                                     6.0000000000000000e+00
16                                     7.0000000000000000e+00
17                                     8.0000000000000000e+00
18                                     6.0000000000000000e+00
19                                     6.0000000000000000e+00
20                                     6.0000000000000000e+00
21                                     6.0000000000000000e+00
22                                     1.0000000000000000e+00
23                                     1.0000000000000000e+00
24                                     1.0000000000000000e+00
25                                     1.0000000000000000e+00
26                                     1.0000000000000000e+00
27                                     1.0000000000000000e+00
28                                     1.0000000000000000e+00
29                                     1.0000000000000000e+00
30                                     1.0000000000000000e+00
31                                     1.0000000000000000e+00
32                                     1.0000000000000000e+00
   &QA [&Type "ArrayOfDoubles", &Dim (33,1)] "Mulliken gross atomic charge"
                                                         0

0                                     -3.9028140282429735e-01
1                                      1.9157232728417739e-01
2                                     -2.5533049095711746e-01
3                                      1.7162901314463497e-01
4                                     -2.8721501796177940e-01
5                                     -1.9869085244448037e-01
6                                      6.6763655457588555e-02
7                                      2.9639902496524329e-01
8                                     -2.3750851002696205e-01
9                                     -1.9305430923781852e-01
10                                     2.5255760802278360e-01
11                                    -1.8295205698396977e-01
12                                     2.2455727330686592e-01
13                                    -1.6998038097301826e-01
14                                    -6.5218493283529355e-02
15                                    -6.2592408768061603e-02
16                                    -1.9461827747948579e-01
17                                    -2.5084624411395495e-01
18                                    -2.5256378137689062e-01
19                                     9.0515555854024932e-02
20                                    -1.4972997951746159e-01
21                                    -2.0712515074142157e-01
22                                     1.3342039569556463e-01
23                                     1.4510425306242947e-01
24                                     1.4508026239683969e-01
25                                     1.3122821763450387e-01
26                                     1.9982879041542123e-01
27                                     1.8184638279053433e-01
28                                     1.8797020710526480e-01
29                                     1.8337642306866864e-01
30                                     1.6747870209153537e-01
31                                     1.6300130183391381e-01
32                                     1.6537796256050274e-01
   &VA [&Type "ArrayOfDoubles", &Dim (33,1)] "Mayer's total valence"
                                                         0

0                                      3.8158578462802404e+00
1                                      3.7598084822378834e+00
2                                      3.1367858174541907e+00
3                                      3.9151694086592008e+00
4                                      4.0681540561276286e+00
5                                      3.9086840557943163e+00
6                                      3.8294695435311601e+00
7                                      3.6883296138524666e+00
8                                      3.8765683890555365e+00
9                                      3.8905485339170567e+00
10                                     3.7424592545457620e+00
11                                     4.0069106718216823e+00
12                                     3.6099849156628769e+00
13                                     4.0695407532350831e+00
14                                     3.1584087722474425e+00
15                                     4.0409462809203998e+00
16                                     3.1036040193547234e+00
17                                     2.2803373813697898e+00
18                                     3.8298481307876764e+00
19                                     3.6927782476056050e+00
20                                     3.9086629164545657e+00
21                                     3.8184118210381390e+00
22                                     9.9461921534068565e-01
23                                     9.5936405244811895e-01
24                                     9.5933697031181608e-01
25                                     1.0181789195075774e+00
26                                     9.5565864384786048e-01
27                                     9.7498628146955357e-01
28                                     9.7144635320821215e-01
29                                     9.5736522870208940e-01
30                                     9.8130803498857511e-01
31                                     9.7557457990226404e-01
32                                     9.6879308588647928e-01
   &BVA [&Type "ArrayOfDoubles", &Dim (33,1)] "Mayer's bonded valence"
                                                         0

0                                      3.8158578462801112e+00
1                                      3.7598084822377125e+00
2                                      3.1367858174539975e+00
3                                      3.9151694086593576e+00
4                                      4.0681540561276925e+00
5                                      3.9086840557944207e+00
6                                      3.8294695435313537e+00
7                                      3.6883296138523933e+00
8                                      3.8765683890552509e+00
9                                      3.8905485339167614e+00
10                                     3.7424592545455782e+00
11                                     4.0069106718217125e+00
12                                     3.6099849156630630e+00
13                                     4.0695407532348717e+00
14                                     3.1584087722474337e+00
15                                     4.0409462809203038e+00
16                                     3.1036040193545809e+00
17                                     2.2803373813696970e+00
18                                     3.8298481307879388e+00
19                                     3.6927782476057476e+00
20                                     3.9086629164547890e+00
21                                     3.8184118210381581e+00
22                                     9.9461921534066600e-01
23                                     9.5936405244810574e-01
24                                     9.5933697031181031e-01
25                                     1.0181789195075956e+00
26                                     9.5565864384785804e-01
27                                     9.7498628146945054e-01
28                                     9.7144635320816808e-01
29                                     9.5736522870206109e-01
30                                     9.8130803498865005e-01
31                                     9.7557457990229390e-01
32                                     9.6879308588648694e-01
   &FA [&Type "ArrayOfDoubles", &Dim (33,1)] "Mayer's free valence"
                                                         0

0                                      0.0000000000000000e+00
1                                      0.0000000000000000e+00
2                                      0.0000000000000000e+00
3                                      0.0000000000000000e+00
4                                      0.0000000000000000e+00
5                                      0.0000000000000000e+00
6                                      0.0000000000000000e+00
7                                      0.0000000000000000e+00
8                                      0.0000000000000000e+00
9                                      0.0000000000000000e+00
10                                     0.0000000000000000e+00
11                                     0.0000000000000000e+00
12                                     0.0000000000000000e+00
13                                     0.0000000000000000e+00
14                                     0.0000000000000000e+00
15                                     0.0000000000000000e+00
16                                     0.0000000000000000e+00
17                                     0.0000000000000000e+00
18                                     0.0000000000000000e+00
19                                     0.0000000000000000e+00
20                                     0.0000000000000000e+00
21                                     0.0000000000000000e+00
22                                     0.0000000000000000e+00
23                                     0.0000000000000000e+00
24                                     0.0000000000000000e+00
25                                     0.0000000000000000e+00
26                                     0.0000000000000000e+00
27                                     0.0000000000000000e+00
28                                     0.0000000000000000e+00
29                                     0.0000000000000000e+00
30                                     0.0000000000000000e+00
31                                     0.0000000000000000e+00
32                                     0.0000000000000000e+00
   &Method [&Type "String"] "SCF"
   &Level [&Type "String"] "Relaxed density"
   &Mult [&Type "Integer"] 1
   &State [&Type "Integer"] -1
   &Irrep [&Type "Integer"] 0
$End
$SCF_Energy
   &GeometryIndex 1
   &Method [&Type "String"] "SCF"
   &totalEnergy [&Type "ArrayOfDoubles", &Dim (1,1)] "Total energy of each state"
                                                         0

0                                     -9.3177041011228107e+02
   &Mult [&Type "ArrayOfIntegers", &Dim (1,1)] "Multiplicity of each state"
                                                         0

0                                                        1
$End
$DFT_Energy
   &GeometryIndex 1
   &nAlphaEl [&Type "Integer"] 74
   &nBetaEl [&Type "Integer"] 74
   &nTotalEl [&Type "Integer"] 148
   &finalEn [&Type "Double"]      -9.3177041011228107e+02  "No Van der Waals correction"
   &eExchange [&Type "Double"]       0.0000000000000000e+00
   &eCorr [&Type "Double"]       0.0000000000000000e+00
   &eXC [&Type "Double"]      -9.5383223820660504e+01
   &eCNL [&Type "Double"]       0.0000000000000000e+00
$End
$Solvation_Details
   &GeometryIndex 1
   &Solvent [&Type "String"] "TETRAHYDROFURAN"
   &Epsilon [&Type "Double"]       7.5650000000000004e+00
   &Refrac [&Type "Double"]       1.4050000000000000e+00
   &RSolv [&Type "Double"]       1.3000000000000000e+00
   &SurfaceType [&Type "String"] "GAUSSIAN VDW"
   &CPCMDielEnergy [&Type "Double"]      -2.6875418000000002e-02
   &NPoints [&Type "Integer"] 3310
   &SurfaceArea [&Type "Double"]       1.2115701352330000e+03
$End
$SCF_Timings
   &GeometryIndex 1
   &TOTAL [&Type "Double"]       1.5235286199999999e+02
   &PREP [&Type "Double"]       4.0307990000000000e+00
   &FOCK [&Type "Double"]       1.2965139099999999e+02
   &DENS [&Type "Double"]       1.5561669999999737e+00
   &ETOT [&Type "Double"]       1.1176209999999855e+00
   &POP [&Type "Double"]       6.1679599999999368e-01
   &TRAFO [&Type "Double"]       2.5332249999999945e+00
   &DIIS [&Type "Double"]       4.7973480000000031e+00
   &SOSCF [&Type "Double"]       2.4647069999999758e+00
   &XC [&Type "Double"]       8.0750489999999893e+00
   &FOCKSTART [&Type "Double"]       5.3637000000001045e-01
   &SOLV [&Type "Double"]       1.1854371000000022e+01
   &SOLV_INIT [&Type "Double"]       1.6460830000000000e+00
   &INT_PREP [&Type "Double"]       9.9999999747524271e-07
   &INT_BF [&Type "Double"]       1.7624390000000432e+00
   &INT_DENS [&Type "Double"]       1.8956750000000362e+00
   &INT_DENSIO [&Type "Double"]       1.4243872061700019e+05
   &INT_FUNC [&Type "Double"]       4.5031800000004196e-01
   &INT_POT [&Type "Double"]       1.9560299999996111e+00
   &INT_POTIO [&Type "Double"]       6.3414000000054926e-02
   &INT_SUM [&Type "Double"]       2.5319999999915410e-03
   &SPLITRIJ [&Type "Double"]       8.9973329999999940e+00
   &COSX [&Type "Double"]       1.0588052300000001e+02
   &FROZCORE [&Type "Double"]       4.6340600000002041e-01
$End
$CIS_Absorption_Spectrum
   &GeometryIndex 1
   &Method [&Type "Integer"] 20
   &RelCorrection [&Type "Integer"] 1 "Type of relativistic treatment in QDPT. 0->Unknow, 1->None, 2->SOC, 3->SSC, 4->SOC/SSC"
   &DensType [&Type "Integer"] 3 "Type of density (electron/spin ...). 0->Unknow, 1->Electronic, 2->Spin, 3->Trans/Electronic, 4->Tran/Spin"
   &DeriType [&Type "Integer"] 0 "Type of derivative (w.r.t. to what perturbation). 0->Unknown, 1->No Derivative, 2->Electric/Dipole, 3->Electric/Quad, 4->Magnetic/Dipole, 5->Magnetic/Quad"
   &DensLevel [&Type "Integer"] 0 "// Source of density: relaxed, unrelaxed, ... 0->Unknown, 1->Linearized, 2->Unrelaxed, 3->Relaxed"
   &Density_name [&Type "String"] "Tdens-CIS"
   &Representation [&Type "String"] "Length" "Possible values: Unknown,  Length, Velocity"
   &PointGroup [&Type "String"] "C1"
   &DoHigherMoments [&Type "Boolean"] false
   &NTrans [&Type "Integer"] 10
   &ExcitationEnergies [&Type "ArrayOfDoubles", &Dim (10,11)] 
                                                         0                           1                           2                           3                           4                           5                           6                           7

0                                      3.4526544273585822e+00         2.7847538896376973e+04         3.5909816078220911e+02         1.4665583822351664e+00         1.7337565888985608e+01         3.2494851080401026e+00         0.0000000000000000e+00        -2.6024502904608529e+00
1                                      4.1539675512398624e+00         3.3504011302381616e+04         2.9847172357207131e+02         4.0764376218579687e-02         4.0055262468812280e-01         5.7163776855997239e-01         0.0000000000000000e+00        -2.7091087152141868e-01
2                                      4.4585848088530531e+00         3.5960915434655501e+04         2.7807968398832827e+02         1.4719149623732575e-02         1.3474962602642068e-01         3.6550316160114449e-01         0.0000000000000000e+00        -3.3705469138628125e-02
3                                      4.6943637071439150e+00         3.7862600697180547e+04         2.6411286641344350e+02         2.5273031789865984e-03         2.1974676461514801e-02        -8.0860189204849942e-03         0.0000000000000000e+00        -9.3888024443378756e-04
4                                      5.0060531089911224e+00         4.0376545525469948e+04         2.4766853800535995e+02         2.3639264578689086e-02         1.9274378769257147e-01        -4.3381863719713015e-01         0.0000000000000000e+00        -6.2797082184353148e-02
5                                      5.1943708709009604e+00         4.1895430867167714e+04         2.3868951322414304e+02         6.7306588465538839e-05         5.2889139886274294e-04         1.1221948795645041e-03         0.0000000000000000e+00        -1.5453535147964399e-02
6                                      5.2293122782493775e+00         4.2177252352839430e+04         2.3709462902760157e+02         2.2300909183995096e-01         1.7406837391362207e+00        -1.0914588596704129e+00         0.0000000000000000e+00         7.4042323546576283e-01
7                                      5.4302693047580215e+00         4.3798080249154846e+04         2.2832050955459323e+02         1.1201878880191105e+00         8.4199863000024600e+00         2.5065837692095010e+00         0.0000000000000000e+00         1.4583166157062886e+00
8                                      5.5298515315883696e+00         4.4601265159023598e+04         2.2420888654941726e+02         4.7380566070939469e-04         3.4972659076844201e-03         1.5571438260386400e-02         0.0000000000000000e+00         1.0170809788583101e-02
9                                      5.7435786916230143e+00         4.6325091139149357e+04         2.1586573828775471e+02         1.3008571510409292e-01         9.2446167936815560e-01        -8.2003368560522905e-01         0.0000000000000000e+00        -5.0131884426402429e-01
                                                         8                           9                          10

0                                      0.0000000000000000e+00         7.5265578396992855e-02         0.0000000000000000e+00
1                                      0.0000000000000000e+00         1.9753124699743777e-02         0.0000000000000000e+00
2                                      0.0000000000000000e+00        -4.5832560623778520e-03         0.0000000000000000e+00
3                                      0.0000000000000000e+00         1.4801490216670404e-01         0.0000000000000000e+00
4                                      0.0000000000000000e+00        -2.4529659233829736e-02         0.0000000000000000e+00
5                                      0.0000000000000000e+00         1.6994714735636227e-02         0.0000000000000000e+00
6                                      0.0000000000000000e+00        -3.4274322248501549e-02         0.0000000000000000e+00
7                                      0.0000000000000000e+00         1.0166983964238462e-01         0.0000000000000000e+00
8                                      0.0000000000000000e+00        -5.6136893808188718e-02         0.0000000000000000e+00
9                                      0.0000000000000000e+00        -2.6188742364667131e-02         0.0000000000000000e+00
   &States [&Type "ArrayOfIntegers", &Dim (10,4)] "The initial and Final states. Col1: Initial State  Col2: Initial Irrep Col3: Final State Col4: Final Irrep"
                                                         0                           1                           2                           3

0                                                        0                           0                           1                           0
1                                                        0                           0                           2                           0
2                                                        0                           0                           3                           0
3                                                        0                           0                           4                           0
4                                                        0                           0                           5                           0
5                                                        0                           0                           6                           0
6                                                        0                           0                           7                           0
7                                                        0                           0                           8                           0
8                                                        0                           0                           9                           0
9                                                        0                           0                          10                           0
   &Multiplicities [&Type "ArrayOfDoubles", &Dim (10,2)] "Col1: Multiplicity of the initial state  Col2: Multiplicity of the final state"
                                                         0                           1

0                                      1.0000000000000000e+00         1.0000000000000000e+00
1                                      1.0000000000000000e+00         1.0000000000000000e+00
2                                      1.0000000000000000e+00         1.0000000000000000e+00
3                                      1.0000000000000000e+00         1.0000000000000000e+00
4                                      1.0000000000000000e+00         1.0000000000000000e+00
5                                      1.0000000000000000e+00         1.0000000000000000e+00
6                                      1.0000000000000000e+00         1.0000000000000000e+00
7                                      1.0000000000000000e+00         1.0000000000000000e+00
8                                      1.0000000000000000e+00         1.0000000000000000e+00
9                                      1.0000000000000000e+00         1.0000000000000000e+00
   &Temperature [&Type "Double"]       2.9814999999999998e+02
$End
$CIS_Absorption_Spectrum
   &GeometryIndex 1
   &Method [&Type "Integer"] 20
   &RelCorrection [&Type "Integer"] 1 "Type of relativistic treatment in QDPT. 0->Unknow, 1->None, 2->SOC, 3->SSC, 4->SOC/SSC"
   &DensType [&Type "Integer"] 3 "Type of density (electron/spin ...). 0->Unknow, 1->Electronic, 2->Spin, 3->Trans/Electronic, 4->Tran/Spin"
   &DeriType [&Type "Integer"] 0 "Type of derivative (w.r.t. to what perturbation). 0->Unknown, 1->No Derivative, 2->Electric/Dipole, 3->Electric/Quad, 4->Magnetic/Dipole, 5->Magnetic/Quad"
   &DensLevel [&Type "Integer"] 0 "// Source of density: relaxed, unrelaxed, ... 0->Unknown, 1->Linearized, 2->Unrelaxed, 3->Relaxed"
   &Density_name [&Type "String"] "Tdens-CIS"
   &Representation [&Type "String"] "Velocity" "Possible values: Unknown,  Length, Velocity"
   &PointGroup [&Type "String"] "C1"
   &DoHigherMoments [&Type "Boolean"] false
   &NTrans [&Type "Integer"] 10
   &ExcitationEnergies [&Type "ArrayOfDoubles", &Dim (10,11)] 
                                                         0                           1                           2                           3                           4                           5                           6                           7

0                                      3.4526544273585822e+00         2.7847538896376973e+04         3.5909816078220911e+02         6.6549089613431534e-01         1.2665894573215492e-01        -3.1682954564450616e-01         0.0000000000000000e+00         1.6192572154420315e-01
1                                      4.1539675512398624e+00         3.3504011302381616e+04         2.9847172357207131e+02         1.7967679227077440e-02         4.1142977949643429e-03        -6.4064097714405063e-02         0.0000000000000000e+00         2.5683544418264679e-03
2                                      4.4585848088530531e+00         3.5960915434655501e+04         2.7807968398832827e+02         6.1865322164791757e-02         1.5204948323138580e-02        -1.0837670204518158e-03         0.0000000000000000e+00         1.2330200256952777e-01
3                                      4.6943637071439150e+00         3.7862600697180547e+04         2.6411286641344350e+02         1.9986103403307927e-03         5.1718450189331907e-04        -1.0310658372815363e-03         0.0000000000000000e+00         1.4177122846696560e-04
4                                      5.0060531089911224e+00         4.0376545525469948e+04         2.4766853800535995e+02         4.3036667463892606e-03         1.1876124035551791e-03         1.5504272806565031e-02         0.0000000000000000e+00         3.0745484374691216e-02
5                                      5.1943708709009604e+00         4.1895430867167714e+04         2.3868951322414304e+02         1.2428360317083469e-04         3.5586676275407481e-05        -6.5517312515131997e-04         0.0000000000000000e+00         8.6181768922097778e-04
6                                      5.2293122782493775e+00         4.2177252352839430e+04         2.3709462902760157e+02         9.2613278925544107e-02         2.6696754966211062e-02         1.4560409864254120e-01         0.0000000000000000e+00        -7.4022131500830382e-02
7                                      5.4302693047580215e+00         4.3798080249154846e+04         2.2832050955459323e+02         2.8104186136112352e-01         8.4126538368205592e-02        -2.7884901263399442e-01         0.0000000000000000e+00        -7.9072787567171274e-02
8                                      5.5298515315883696e+00         4.4601265159023598e+04         2.2420888654941726e+02         1.0804927596891124e-04         3.2936387986270022e-05        -1.3974023370860701e-03         0.0000000000000000e+00        -1.0251082384369894e-03
9                                      5.7435786916230143e+00         4.6325091139149357e+04         2.1586573828775471e+02         8.1721693046651767e-03         2.5873820962706313e-03         5.0593626622449130e-02         0.0000000000000000e+00         4.2247361692209972e-03
                                                         8                           9                          10

0                                      0.0000000000000000e+00        -7.6187558853052836e-03         0.0000000000000000e+00
1                                      0.0000000000000000e+00        -1.8688858886119189e-03         0.0000000000000000e+00
2                                      0.0000000000000000e+00         6.2444737819094729e-04         0.0000000000000000e+00
3                                      0.0000000000000000e+00         2.2717863148881079e-02         0.0000000000000000e+00
4                                      0.0000000000000000e+00         1.3946751809670362e-03         0.0000000000000000e+00
5                                      0.0000000000000000e+00         5.8664039003492379e-03         0.0000000000000000e+00
6                                      0.0000000000000000e+00         4.1140579453826879e-03         0.0000000000000000e+00
7                                      0.0000000000000000e+00        -1.0828702027898393e-02         0.0000000000000000e+00
8                                      0.0000000000000000e+00        -5.4710883555344836e-03         0.0000000000000000e+00
9                                      0.0000000000000000e+00         3.1334718379640771e-03         0.0000000000000000e+00
   &States [&Type "ArrayOfIntegers", &Dim (10,4)] "The initial and Final states. Col1: Initial State  Col2: Initial Irrep Col3: Final State Col4: Final Irrep"
                                                         0                           1                           2                           3

0                                                        0                           0                           1                           0
1                                                        0                           0                           2                           0
2                                                        0                           0                           3                           0
3                                                        0                           0                           4                           0
4                                                        0                           0                           5                           0
5                                                        0                           0                           6                           0
6                                                        0                           0                           7                           0
7                                                        0                           0                           8                           0
8                                                        0                           0                           9                           0
9                                                        0                           0                          10                           0
   &Multiplicities [&Type "ArrayOfDoubles", &Dim (10,2)] "Col1: Multiplicity of the initial state  Col2: Multiplicity of the final state"
                                                         0                           1

0                                      1.0000000000000000e+00         1.0000000000000000e+00
1                                      1.0000000000000000e+00         1.0000000000000000e+00
2                                      1.0000000000000000e+00         1.0000000000000000e+00
3                                      1.0000000000000000e+00         1.0000000000000000e+00
4                                      1.0000000000000000e+00         1.0000000000000000e+00
5                                      1.0000000000000000e+00         1.0000000000000000e+00
6                                      1.0000000000000000e+00         1.0000000000000000e+00
7                                      1.0000000000000000e+00         1.0000000000000000e+00
8                                      1.0000000000000000e+00         1.0000000000000000e+00
9                                      1.0000000000000000e+00         1.0000000000000000e+00
   &Temperature [&Type "Double"]       2.9814999999999998e+02
$End
$CIS_ECD_Spectrum
   &GeometryIndex 1
   &Method [&Type "Integer"] 20
   &RelCorrection [&Type "Integer"] 1 "Type of relativistic treatment in QDPT. 0->Unknow, 1->None, 2->SOC, 3->SSC, 4->SOC/SSC"
   &DensType [&Type "Integer"] 3 "Type of density (electron/spin ...). 0->Unknow, 1->Electronic, 2->Spin, 3->Trans/Electronic, 4->Tran/Spin"
   &DeriType [&Type "Integer"] 0 "Type of derivative (w.r.t. to what perturbation). 0->Unknown, 1->No Derivative, 2->Electric/Dipole, 3->Electric/Quad, 4->Magnetic/Dipole, 5->Magnetic/Quad"
   &DensLevel [&Type "Integer"] 0 "// Source of density: relaxed, unrelaxed, ... 0->Unknown, 1->Linearized, 2->Unrelaxed, 3->Relaxed"
   &Density_name [&Type "String"] "Tdens-CIS"
   &Representation [&Type "String"] "Length" "Possible values: Unknown,  Length, Velocity"
   &PointGroup [&Type "String"] "C1"
   &DoHigherMoments [&Type "Boolean"] false
   &NTrans [&Type "Integer"] 10
   &ExcitationEnergies [&Type "ArrayOfDoubles", &Dim (10,10)] 
                                                         0                           1                           2                           3                           4                           5                           6                           7

0                                      3.4526544273585822e+00         2.7847538896376973e+04         3.5909816078220911e+02        -1.5945982785842723e+01        -2.8150601307810646e-02         0.0000000000000000e+00        -1.7606505273735053e-02         0.0000000000000000e+00
1                                      4.1539675512398624e+00         3.3504011302381616e+04         2.9847172357207131e+02         6.5785180146009731e-02        -9.6464586374943369e-03         0.0000000000000000e+00        -2.5411300164241853e-03         0.0000000000000000e+00
2                                      4.4585848088530531e+00         3.5960915434655501e+04         2.7807968398832827e+02         2.7823965980501764e+00        -1.1276770191818126e-02         0.0000000000000000e+00        -1.7868231068613528e-03         0.0000000000000000e+00
3                                      4.6943637071439150e+00         3.7862600697180547e+04         2.6411286641344350e+02         2.9544053727927744e-01         2.2492337357484879e-01         0.0000000000000000e+00        -7.7124383826001619e-02         0.0000000000000000e+00
4                                      5.0060531089911224e+00         4.0376545525469948e+04         2.4766853800535995e+02         1.0707643069123758e+00        -1.3760593952218542e-03         0.0000000000000000e+00        -8.5927248149041276e-04         0.0000000000000000e+00
5                                      5.1943708709009604e+00         4.1895430867167714e+04         2.3868951322414304e+02         2.1788576148701067e-01        -1.2510917317420392e-01         0.0000000000000000e+00         1.7310252041986437e-02         0.0000000000000000e+00
6                                      5.2293122782493775e+00         4.2177252352839430e+04         2.3709462902760157e+02        -4.0482607769094514e+00         2.4333349917763938e-03         0.0000000000000000e+00         9.9873277927726972e-03         0.0000000000000000e+00
7                                      5.4302693047580215e+00         4.3798080249154846e+04         2.2832050955459323e+02         1.4648503164098104e+01         3.0778457948309346e-03         0.0000000000000000e+00        -8.6013750125522037e-03         0.0000000000000000e+00
8                                      5.5298515315883696e+00         4.4601265159023598e+04         2.2420888654941726e+02         2.6778531870636124e-01        -6.8738395868926563e-02         0.0000000000000000e+00         3.6258907616626722e-02         0.0000000000000000e+00
9                                      5.7435786916230143e+00         4.6325091139149357e+04         2.1586573828775471e+02         4.1425042896233660e-01        -5.8463994919738674e-03         0.0000000000000000e+00         2.2164390568139756e-03         0.0000000000000000e+00
                                                         8                           9

0                                      1.0559692494274213e+00         0.0000000000000000e+00
1                                      2.3724461892332496e-01         0.0000000000000000e+00
2                                      4.0152854631586032e-01         0.0000000000000000e+00
3                                      7.5645175842657016e-03         0.0000000000000000e+00
4                                      1.1912648593780670e-01         0.0000000000000000e+00
5                                     -3.1926901877539619e-03         0.0000000000000000e+00
6                                     -1.1226637843358780e-01         0.0000000000000000e+00
7                                     -2.5811470516062301e-01         0.0000000000000000e+00
8                                     -2.3793677479084017e-03         0.0000000000000000e+00
9                                      1.7418835018952999e-01         0.0000000000000000e+00
   &States [&Type "ArrayOfIntegers", &Dim (10,4)] "The initial and Final states. Col1: Initial State  Col2: Initial Irrep Col3: Final State Col4: Final Irrep"
                                                         0                           1                           2                           3

0                                                        0                           0                           1                           0
1                                                        0                           0                           2                           0
2                                                        0                           0                           3                           0
3                                                        0                           0                           4                           0
4                                                        0                           0                           5                           0
5                                                        0                           0                           6                           0
6                                                        0                           0                           7                           0
7                                                        0                           0                           8                           0
8                                                        0                           0                           9                           0
9                                                        0                           0                          10                           0
   &Multiplicities [&Type "ArrayOfDoubles", &Dim (10,2)] "Col1: Multiplicity of the initial state  Col2: Multiplicity of the final state"
                                                         0                           1

0                                      1.0000000000000000e+00         1.0000000000000000e+00
1                                      1.0000000000000000e+00         1.0000000000000000e+00
2                                      1.0000000000000000e+00         1.0000000000000000e+00
3                                      1.0000000000000000e+00         1.0000000000000000e+00
4                                      1.0000000000000000e+00         1.0000000000000000e+00
5                                      1.0000000000000000e+00         1.0000000000000000e+00
6                                      1.0000000000000000e+00         1.0000000000000000e+00
7                                      1.0000000000000000e+00         1.0000000000000000e+00
8                                      1.0000000000000000e+00         1.0000000000000000e+00
9                                      1.0000000000000000e+00         1.0000000000000000e+00
   &Temperature [&Type "Double"]       2.9814999999999998e+02
$End
$CIS_ECD_Spectrum
   &GeometryIndex 1
   &Method [&Type "Integer"] 20
   &RelCorrection [&Type "Integer"] 1 "Type of relativistic treatment in QDPT. 0->Unknow, 1->None, 2->SOC, 3->SSC, 4->SOC/SSC"
   &DensType [&Type "Integer"] 3 "Type of density (electron/spin ...). 0->Unknow, 1->Electronic, 2->Spin, 3->Trans/Electronic, 4->Tran/Spin"
   &DeriType [&Type "Integer"] 0 "Type of derivative (w.r.t. to what perturbation). 0->Unknown, 1->No Derivative, 2->Electric/Dipole, 3->Electric/Quad, 4->Magnetic/Dipole, 5->Magnetic/Quad"
   &DensLevel [&Type "Integer"] 0 "// Source of density: relaxed, unrelaxed, ... 0->Unknown, 1->Linearized, 2->Unrelaxed, 3->Relaxed"
   &Density_name [&Type "String"] "Tdens-CIS"
   &Representation [&Type "String"] "Velocity" "Possible values: Unknown,  Length, Velocity"
   &PointGroup [&Type "String"] "C1"
   &DoHigherMoments [&Type "Boolean"] false
   &NTrans [&Type "Integer"] 10
   &ExcitationEnergies [&Type "ArrayOfDoubles", &Dim (10,10)] 
                                                         0                           1                           2                           3                           4                           5                           6                           7

0                                      3.4526544273585822e+00         2.7847538896376973e+04         3.5909816078220911e+02        -7.3464746764680298e+00        -2.8150601307810646e-02         0.0000000000000000e+00        -1.7606505273735053e-02         0.0000000000000000e+00
1                                      4.1539675512398624e+00         3.3504011302381616e+04         2.9847172357207131e+02         5.1909278185207341e-01        -9.6464586374943369e-03         0.0000000000000000e+00        -2.5411300164241853e-03         0.0000000000000000e+00
2                                      4.4585848088530531e+00         3.5960915434655501e+04         2.7807968398832827e+02         1.2267779342075606e-01        -1.1276770191818126e-02         0.0000000000000000e+00        -1.7868231068613528e-03         0.0000000000000000e+00
3                                      4.6943637071439150e+00         3.7862600697180547e+04         2.6411286641344350e+02        -1.9401654290893158e-01         2.2492337357484879e-01         0.0000000000000000e+00        -7.7124383826001619e-02         0.0000000000000000e+00
4                                      5.0060531089911224e+00         4.0376545525469948e+04         2.4766853800535995e+02         3.0339153932507784e-01        -1.3760593952218542e-03         0.0000000000000000e+00        -8.5927248149041276e-04         0.0000000000000000e+00
5                                      5.1943708709009604e+00         4.1895430867167714e+04         2.3868951322414304e+02         1.9302823925125667e-01        -1.2510917317420392e-01         0.0000000000000000e+00         1.7310252041986437e-02         0.0000000000000000e+00
6                                      5.2293122782493775e+00         4.2177252352839430e+04         2.3709462902760157e+02        -2.0775371424779485e+00         2.4333349917763938e-03         0.0000000000000000e+00         9.9873277927726972e-03         0.0000000000000000e+00
7                                      5.4302693047580215e+00         4.3798080249154846e+04         2.2832050955459323e+02         6.1824009480333206e+00         3.0778457948309346e-03         0.0000000000000000e+00        -8.6013750125522037e-03         0.0000000000000000e+00
8                                      5.5298515315883696e+00         4.4601265159023598e+04         2.2420888654941726e+02         1.6681077811300010e-01        -6.8738395868926563e-02         0.0000000000000000e+00         3.6258907616626722e-02         0.0000000000000000e+00
9                                      5.7435786916230143e+00         4.6325091139149357e+04         2.1586573828775471e+02         5.7936661104218246e-01        -5.8463994919738674e-03         0.0000000000000000e+00         2.2164390568139756e-03         0.0000000000000000e+00
                                                         8                           9

0                                      1.0559692494274213e+00         0.0000000000000000e+00
1                                      2.3724461892332496e-01         0.0000000000000000e+00
2                                      4.0152854631586032e-01         0.0000000000000000e+00
3                                      7.5645175842657016e-03         0.0000000000000000e+00
4                                      1.1912648593780670e-01         0.0000000000000000e+00
5                                     -3.1926901877539619e-03         0.0000000000000000e+00
6                                     -1.1226637843358780e-01         0.0000000000000000e+00
7                                     -2.5811470516062301e-01         0.0000000000000000e+00
8                                     -2.3793677479084017e-03         0.0000000000000000e+00
9                                      1.7418835018952999e-01         0.0000000000000000e+00
   &States [&Type "ArrayOfIntegers", &Dim (10,4)] "The initial and Final states. Col1: Initial State  Col2: Initial Irrep Col3: Final State Col4: Final Irrep"
                                                         0                           1                           2                           3

0                                                        0                           0                           1                           0
1                                                        0                           0                           2                           0
2                                                        0                           0                           3                           0
3                                                        0                           0                           4                           0
4                                                        0                           0                           5                           0
5                                                        0                           0                           6                           0
6                                                        0                           0                           7                           0
7                                                        0                           0                           8                           0
8                                                        0                           0                           9                           0
9                                                        0                           0                          10                           0
   &Multiplicities [&Type "ArrayOfDoubles", &Dim (10,2)] "Col1: Multiplicity of the initial state  Col2: Multiplicity of the final state"
                                                         0                           1

0                                      1.0000000000000000e+00         1.0000000000000000e+00
1                                      1.0000000000000000e+00         1.0000000000000000e+00
2                                      1.0000000000000000e+00         1.0000000000000000e+00
3                                      1.0000000000000000e+00         1.0000000000000000e+00
4                                      1.0000000000000000e+00         1.0000000000000000e+00
5                                      1.0000000000000000e+00         1.0000000000000000e+00
6                                      1.0000000000000000e+00         1.0000000000000000e+00
7                                      1.0000000000000000e+00         1.0000000000000000e+00
8                                      1.0000000000000000e+00         1.0000000000000000e+00
9                                      1.0000000000000000e+00         1.0000000000000000e+00
   &Temperature [&Type "Double"]       2.9814999999999998e+02
$End
$CIS_Energies
   &GeometryIndex 1
   &e0 [&Type "Double"]      -9.3177041011228107e+02  "Ground state energy"
   &multP1 [&Type "Boolean"] false "Do the higher multiplicity too?"
   &mode [&Type "String"] "TDA" "CIS mode: CIS, RPA, TDA, TD-DFT, sTDA, sTD-DFT"
   &dCorr [&Type "Integer"] 0 "(D) Correction algorithm"
   &Method [&Type "String"] "TDA/CIS"
   &totalEnergy [&Type "ArrayOfDoubles", &Dim (10,1)] "Total energy of each state"
                                                         0

0                                     -9.3164352738909849e+02
1                                     -9.3161775460446734e+02
2                                     -9.3160656012555626e+02
3                                     -9.3159789540995450e+02
4                                     -9.3158644103450933e+02
5                                     -9.3157952048368168e+02
6                                     -9.3157823641051152e+02
7                                     -9.3157085137522847e+02
8                                     -9.3156719179550896e+02
9                                     -9.3155933746642575e+02
   &Mult [&Type "ArrayOfIntegers", &Dim (10,1)] "Multiplicity of each state"
                                                         0

0                                                        1
1                                                        1
2                                                        1
3                                                        1
4                                                        1
5                                                        1
6                                                        1
7                                                        1
8                                                        1
9                                                        1
   &RelCorr [&Type "String"] "None" "Relativistic correction (SOC and/or SSC)"
   &NBlocks [&Type "Integer"] 1 "Number of multiplicity blocks"
   &NRoots [&Type "ArrayOfIntegers", &Dim (1,1)] "Number of roots in each block"
                                                         0

0                                                       10
   &NTotalRoots [&Type "Integer"] 10 "Total number of roots"
   &Block [&Type "ArrayOfIntegers", &Dim (10,1)] "Block index of each state"
                                                         0

0                                                        0
1                                                        0
2                                                        0
3                                                        0
4                                                        0
5                                                        0
6                                                        0
7                                                        0
8                                                        0
9                                                        0
   &Root [&Type "ArrayOfIntegers", &Dim (10,1)] "Root index within the block"
                                                         0

0                                                        0
1                                                        1
2                                                        2
3                                                        3
4                                                        4
5                                                        5
6                                                        6
7                                                        7
8                                                        8
9                                                        9
$End
$Single_Point_Data
   &GeometryIndex 1
   &FinalEnergy [&Type "Double"]      -9.3164352738909849e+02  "Final single point energy"
   &Converged [&Type "Boolean"] true
$End
$Calculation_Info
   &GeometryIndex 1
   &Mult [&Type "Integer"] 1
   &Charge [&Type "Integer"] 0
   &NumOfAtoms [&Type "Integer"] 33
   &NumOfElectrons [&Type "Integer"] 148
   &NumOfBasisFuncts [&Type "Integer"] 748
   &NumOfAuxCBasisFuncts [&Type "Integer"] 0
   &NumOfAuxJBasisFuncts [&Type "Integer"] 1199
   &NumOfAuxJKBasisFuncts [&Type "Integer"] 0
   &NumOfCABSBasisFuncts [&Type "Integer"] 0
$End
$SCF_Dipole_Moment
   &GeometryIndex 1
   &dipoleMagnitude [&Type "Double", &Units "a.u."]       5.2943691233839720e+00
   &dipoleElecContrib [&Type "ArrayOfDoubles", &Dim (3,1)] "Electronic contribution"
                                                         0

0                                      2.0027599804391613e+01
1                                     -9.7998517140946895e+00
2                                      6.4851342465759043e-01
   &dipoleNucContrib [&Type "ArrayOfDoubles", &Dim (3,1)] "Nuclear contribution"
                                                         0

0                                     -2.0715588667922340e+01
1                                      1.5049318777117158e+01
2                                     -6.5906295268181481e-01
   &dipoleTotal [&Type "ArrayOfDoubles", &Dim (3,1)] "Total"
                                                         0

0                                     -6.8798886353072675e-01
1                                      5.2494670630224682e+00
2                                     -1.0549528024224375e-02
   &doAtomicDipole [&Type "Boolean"] false
   &Method [&Type "String"] "SCF"
   &Level [&Type "String"] "Relaxed density"
   &Mult [&Type "Integer"] 1
   &State [&Type "Integer"] -1
   &Irrep [&Type "Integer"] 0
$End
$Calculation_Timings
   &GeometryIndex 1
   &GTOINT [&Type "Double"]       5.5530079000000001e+01
   &SCF [&Type "Double"]       1.6915708100000001e+02
   &CIS [&Type "Double"]       1.6786651299999997e+02
   &PROPINT [&Type "Double"]       5.4111780000000067e+00
   &PROP [&Type "Double"]       5.7419930000000363e+00
   &SUM [&Type "Double"]       4.0370684400000005e+02
$End
