*************************************************
******************* ORCA 6.1.0 ******************
*************************************************
$Calculation_Status
   &GeometryIndex 1
   &version [&Type "String"] "6.1.0"
   &progName [&Type "String"] "ProgCIS"
   &Status [&Type "String"] "NORMAL TERMINATION"
$End
$Geometry
   &GeometryIndex 1
   &NAtoms [&Type "Integer"] 33
   &NCorelessECP [&Type "Integer"] 0
   &NGhostAtoms [&Type "Integer"] 0
   &CartesianCoordinates [&Type "Coordinates", &Dim(33,4), &Units "Bohr"] 
              C     -8.871276964865    4.626515209969   -0.038550737768
              C     -6.037205661340    4.504293139013    0.071195853413
              N     -4.966651151911    2.276558884716    0.417230715298
              C     -2.393804101871    2.132164867043    0.521474702392
              C     -1.240090899273   -0.254517341462    0.886921558917
              C      1.335065490779   -0.477505724953    1.006594461963
              C      2.936678579949    1.672269161887    0.767383105380
              C      5.683090776538    1.430853467921    0.904420298713
              C      7.434835696564    3.278967541836    1.508210030871
              C      9.932521298803    2.425890927015    1.452293475865
              C     10.187652844082   -0.110131793647    0.810561347193
              C     12.543439435910   -1.359577123323    0.662889932517
              C     13.133298150367   -3.823369062491    0.096053587765
              C     11.325403506893   -5.720548158035   -0.492811780794
              N      9.879831669561   -7.290904777401   -0.970030911151
              C     15.707680021037   -4.605915112725    0.082808424692
              N     17.796856890423   -5.252251019827    0.087420784700
              S      7.183770571073   -1.441196507426    0.246070993061
              C      1.834035120445    4.020470271673    0.400074836240
              C     -0.812038037795    4.297344676258    0.277115539999
              C     -2.020265021501    6.660477362444   -0.099800981919
              C     -4.596626273635    6.762023864794   -0.199331239722
              H     -9.682868604665    2.753915824184    0.213362010566
              H     -9.501988365253    5.389005089360   -1.852028561614
              H     -9.609207837933    5.877813183936    1.430056668614
              H     -2.444427377515   -1.897089106868    1.084003412449
              H      2.159982404573   -2.323107162727    1.326845619617
              H      6.910825800692    5.184924511572    2.019454769029
              H     11.549539570950    3.598935791865    1.889130500371
              H     14.144714647177   -0.145723857227    1.072639900465
              H      2.995979737478    5.688751758687    0.162794839839
              H     -0.887022608814    8.355562784974   -0.300510881756
              H     -5.567580305731    8.541181510127   -0.482308955178
$End
$SCF_Mulliken_Population_Analysis
   &GeometryIndex 1
   &NAtoms [&Type "Integer"] 33
   &ATNO [&Type "ArrayOfIntegers", &Dim (33,1)] 
                                                         0

0                                                        6
1                                                        6
2                                                        7
3                                                        6
4                                                        6
5                                                        6
6                                                        6
7                                                        6
8                                                        6
9                                                        6
10                                                       6
11                                                       6
12                                                       6
13                                                       6
14                                                       7
15                                                       6
16                                                       7
17                                                      16
18                                                       6
19                                                       6
20                                                       6
21                                                       6
22                                                       1
23                                                       1
24                                                       1
25                                                       1
26                                                       1
27                                                       1
28                                                       1
29                                                       1
30                                                       1
31                                                       1
32                                                       1
   &AtomicCharges [&Type "ArrayOfDoubles", &Dim (33,1)] 
                                                         0

0                                     -4.0309972761342294e-01
1                                      1.7331808654835346e-01
2                                     -2.4588437772898164e-01
3                                      1.8787215883444564e-01
4                                     -2.8760573283785629e-01
5                                     -1.6999691488468383e-01
6                                      1.2630050762653156e-01
7                                      7.0035582520366901e-02
8                                     -2.0751724189899612e-01
9                                     -1.6073942570118493e-01
10                                     8.1041373687671836e-02
11                                    -1.8026993339285280e-01
12                                     1.9757030278017940e-01
13                                    -2.1555117513796151e-01
14                                    -3.5728009292177454e-02
15                                    -2.0399706444657362e-01
16                                    -5.2599526409641051e-02
17                                     6.0836619501161593e-02
18                                    -2.2313074916065556e-01
19                                     4.6856911636448118e-02
20                                    -1.6715323570615226e-01
21                                    -1.9741344048545084e-01
22                                     1.3782106468181909e-01
23                                     1.4765463071245821e-01
24                                     1.4758213087565997e-01
25                                     1.4048708830179590e-01
26                                     1.6527583029953541e-01
27                                     1.8147584128798677e-01
28                                     1.8726835399217667e-01
29                                     2.0056174010139971e-01
30                                     1.6724369463795474e-01
31                                     1.6700954623120645e-01
32                                     1.6447509044056674e-01
   &Method [&Type "String"] "SCF"
   &Level [&Type "String"] "Relaxed density"
   &Mult [&Type "Integer"] 1
   &State [&Type "Integer"] -1
   &Irrep [&Type "Integer"] 0
$End
$SCF_Loewdin_Population_Analysis
   &GeometryIndex 1
   &NAtoms [&Type "Integer"] 33
   &ATNO [&Type "ArrayOfIntegers", &Dim (33,1)] 
                                                         0

0                                                        6
1                                                        6
2                                                        7
3                                                        6
4                                                        6
5                                                        6
6                                                        6
7                                                        6
8                                                        6
9                                                        6
10                                                       6
11                                                       6
12                                                       6
13                                                       6
14                                                       7
15                                                       6
16                                                       7
17                                                      16
18                                                       6
19                                                       6
20                                                       6
21                                                       6
22                                                       1
23                                                       1
24                                                       1
25                                                       1
26                                                       1
27                                                       1
28                                                       1
29                                                       1
30                                                       1
31                                                       1
32                                                       1
   &AtomicCharges [&Type "ArrayOfDoubles", &Dim (33,1)] 
                                                         0

0                                     -2.5662346256399093e-01
1                                     -2.2710760783575434e-01
2                                      1.5056897825375426e-01
3                                     -1.6418178556470320e-01
4                                     -1.0022561629451499e-01
5                                     -1.0122360585922152e-01
6                                     -1.4634178893251804e-01
7                                     -2.7801847591353823e-01
8                                     -1.4801122035779102e-01
9                                     -1.0805729185641066e-01
10                                    -3.4707348588923637e-01
11                                    -2.1834806663437512e-02
12                                    -1.8087702236400549e-01
13                                    -1.5708650274835634e-01
14                                     3.4009517322727945e-02
15                                    -1.4465711130097070e-01
16                                     2.2498257106446040e-02
17                                     7.8659746995018764e-01
18                                    -4.3392880502989506e-02
19                                    -1.0469946516675943e-01
20                                    -6.8025204138784545e-02
21                                    -1.1516636588067364e-01
22                                     1.3028064456791166e-01
23                                     1.3789899307468267e-01
24                                     1.3774777071576205e-01
25                                     1.5728162449382888e-01
26                                     1.5582347714537370e-01
27                                     1.5976845490014269e-01
28                                     1.6436145886581266e-01
29                                     1.9152901256107568e-01
30                                     1.6382346835398676e-01
31                                     1.6155650557884904e-01
32                                     1.5885806694429994e-01
   &Method [&Type "String"] "SCF"
   &Level [&Type "String"] "Relaxed density"
   &Mult [&Type "Integer"] 1
   &State [&Type "Integer"] -1
   &Irrep [&Type "Integer"] 0
$End
$SCF_Mayer_Population_Analysis
   &GeometryIndex 1
   &NAtoms [&Type "Integer"] 33 "Total number of atoms"
   &NBondOrdersPrint [&Type "Integer"] 35 "The number of bond orders larger than threshold"
   &bondThresh [&Type "Double"]       1.0000000000000001e-01  "The threshold for printing"
   &components [&Type "ArrayOfIntegers", &Dim (35,4)] "The indices and atomic numbers of the bonding atoms"
                                                         0                           1                           2                           3

0                                                        0                           6                           1                           6
1                                                        0                           6                          22                           1
2                                                        0                           6                          23                           1
3                                                        0                           6                          24                           1
4                                                        1                           6                           2                           7
5                                                        1                           6                          21                           6
6                                                        2                           7                           3                           6
7                                                        3                           6                           4                           6
8                                                        3                           6                          19                           6
9                                                        4                           6                           5                           6
10                                                       4                           6                          25                           1
11                                                       5                           6                           6                           6
12                                                       5                           6                          26                           1
13                                                       6                           6                           7                           6
14                                                       6                           6                          18                           6
15                                                       7                           6                           8                           6
16                                                       7                           6                          17                          16
17                                                       8                           6                           9                           6
18                                                       8                           6                          27                           1
19                                                       9                           6                          10                           6
20                                                       9                           6                          28                           1
21                                                      10                           6                          11                           6
22                                                      10                           6                          17                          16
23                                                      11                           6                          12                           6
24                                                      11                           6                          29                           1
25                                                      12                           6                          13                           6
26                                                      12                           6                          15                           6
27                                                      13                           6                          14                           7
28                                                      15                           6                          16                           7
29                                                      18                           6                          19                           6
30                                                      18                           6                          30                           1
31                                                      19                           6                          20                           6
32                                                      20                           6                          21                           6
33                                                      20                           6                          31                           1
34                                                      21                           6                          32                           1
   &BondOrders [&Type "ArrayOfDoubles", &Dim (35,1)] "The bond orders"
                                                         0

0                                      9.1731421214638387e-01
1                                      9.9660466961945149e-01
2                                      9.6037391726344790e-01
3                                      9.6112019266985271e-01
4                                      1.6243037351715788e+00
5                                      1.1950052798355606e+00
6                                      1.3005295714867910e+00
7                                      1.2542457383473453e+00
8                                      1.1953698701542108e+00
9                                      1.5923791512221188e+00
10                                     9.8782548318958829e-01
11                                     1.2020096396087594e+00
12                                     9.6628608327375909e-01
13                                     9.5935938741435511e-01
14                                     1.4733295881702415e+00
15                                     1.4642174039155895e+00
16                                     1.3344621010230064e+00
17                                     1.3744402921597343e+00
18                                     9.3923105797505890e-01
19                                     1.3963354865691120e+00
20                                     9.4571696590532928e-01
21                                     1.1847378624904206e+00
22                                     1.2061508579050733e+00
23                                     1.5205964312370588e+00
24                                     9.2950567328449052e-01
25                                     9.9333977471787638e-01
26                                     9.9406903173850691e-01
27                                     3.0569054196066450e+00
28                                     3.0658141425427878e+00
29                                     1.2431999087089396e+00
30                                     9.2973769313998655e-01
31                                     1.1872499061222972e+00
32                                     1.5973099328482725e+00
33                                     9.6579266327849678e-01
34                                     9.6239439388177528e-01
   &ATNO [&Type "ArrayOfIntegers", &Dim (33,1)] "Atomic number of the elements"
                                                         0

0                                                        6
1                                                        6
2                                                        7
3                                                        6
4                                                        6
5                                                        6
6                                                        6
7                                                        6
8                                                        6
9                                                        6
10                                                       6
11                                                       6
12                                                       6
13                                                       6
14                                                       7
15                                                       6
16                                                       7
17                                                      16
18                                                       6
19                                                       6
20                                                       6
21                                                       6
22                                                       1
23                                                       1
24                                                       1
25                                                       1
26                                                       1
27                                                       1
28                                                       1
29                                                       1
30                                                       1
31                                                       1
32                                                       1
   &NA [&Type "ArrayOfDoubles", &Dim (33,1)] "Mulliken gross atomic population"
                                                         0

0                                      6.4030997276134247e+00
1                                      5.8266819134516412e+00
2                                      7.2458843777289843e+00
3                                      5.8121278411655526e+00
4                                      6.2876057328378554e+00
5                                      6.1699969148846847e+00
6                                      5.8736994923734702e+00
7                                      5.9299644174796322e+00
8                                      6.2075172418989899e+00
9                                      6.1607394257011814e+00
10                                     5.9189586263123246e+00
11                                     6.1802699333928501e+00
12                                     5.8024296972198233e+00
13                                     6.2155511751379624e+00
14                                     7.0357280092921819e+00
15                                     6.2039970644465692e+00
16                                     7.0525995264096393e+00
17                                     1.5939163380498830e+01
18                                     6.2231307491606564e+00
19                                     5.9531430883635466e+00
20                                     6.1671532357061514e+00
21                                     6.1974134404854500e+00
22                                     8.6217893531818102e-01
23                                     8.5234536928754101e-01
24                                     8.5241786912434003e-01
25                                     8.5951291169820421e-01
26                                     8.3472416970046481e-01
27                                     8.1852415871201356e-01
28                                     8.1273164600782322e-01
29                                     7.9943825989860051e-01
30                                     8.3275630536204570e-01
31                                     8.3299045376879344e-01
32                                     8.3552490955943304e-01
   &ZA [&Type "ArrayOfDoubles", &Dim (33,1)] "Total nuclear charge"
                                                         0

0                                      6.0000000000000000e+00
1                                      6.0000000000000000e+00
2                                      7.0000000000000000e+00
3                                      6.0000000000000000e+00
4                                      6.0000000000000000e+00
5                                      6.0000000000000000e+00
6                                      6.0000000000000000e+00
7                                      6.0000000000000000e+00
8                                      6.0000000000000000e+00
9                                      6.0000000000000000e+00
10                                     6.0000000000000000e+00
11                                     6.0000000000000000e+00
12                                     6.0000000000000000e+00
13                                     6.0000000000000000e+00
14                                     7.0000000000000000e+00
15                                     6.0000000000000000e+00
16                                     7.0000000000000000e+00
17                                     1.6000000000000000e+01
18                                     6.0000000000000000e+00
19                                     6.0000000000000000e+00
20                                     6.0000000000000000e+00
21                                     6.0000000000000000e+00
22                                     1.0000000000000000e+00
23                                     1.0000000000000000e+00
24                                     1.0000000000000000e+00
25                                     1.0000000000000000e+00
26                                     1.0000000000000000e+00
27                                     1.0000000000000000e+00
28                                     1.0000000000000000e+00
29                                     1.0000000000000000e+00
30                                     1.0000000000000000e+00
31                                     1.0000000000000000e+00
32                                     1.0000000000000000e+00
   &QA [&Type "ArrayOfDoubles", &Dim (33,1)] "Mulliken gross atomic charge"
                                                         0

0                                     -4.0309972761342472e-01
1                                      1.7331808654835879e-01
2                                     -2.4588437772898430e-01
3                                      1.8787215883444741e-01
4                                     -2.8760573283785540e-01
5                                     -1.6999691488468471e-01
6                                      1.2630050762652978e-01
7                                      7.0035582520367790e-02
8                                     -2.0751724189898990e-01
9                                     -1.6073942570118138e-01
10                                     8.1041373687675389e-02
11                                    -1.8026993339285013e-01
12                                     1.9757030278017673e-01
13                                    -2.1555117513796240e-01
14                                    -3.5728009292181895e-02
15                                    -2.0399706444656918e-01
16                                    -5.2599526409639275e-02
17                                     6.0836619501170475e-02
18                                    -2.2313074916065645e-01
19                                     4.6856911636453447e-02
20                                    -1.6715323570615137e-01
21                                    -1.9741344048544995e-01
22                                     1.3782106468181898e-01
23                                     1.4765463071245899e-01
24                                     1.4758213087565997e-01
25                                     1.4048708830179579e-01
26                                     1.6527583029953519e-01
27                                     1.8147584128798644e-01
28                                     1.8726835399217678e-01
29                                     2.0056174010139949e-01
30                                     1.6724369463795430e-01
31                                     1.6700954623120656e-01
32                                     1.6447509044056696e-01
   &VA [&Type "ArrayOfDoubles", &Dim (33,1)] "Mayer's total valence"
                                                         0

0                                      3.8204014441405003e+00
1                                      3.7951661281247921e+00
2                                      3.1255237929964572e+00
3                                      3.8626444803977606e+00
4                                      4.0661972443918861e+00
5                                      3.8788535992556281e+00
6                                      3.6004963400846437e+00
7                                      3.8156407018418377e+00
8                                      3.9190575671755781e+00
9                                      3.9261932385597413e+00
10                                     3.8220030433201058e+00
11                                     3.8612619163293349e+00
12                                     3.6142589148552471e+00
13                                     4.1336956452226534e+00
14                                     3.1791482047980226e+00
15                                     4.1275048509116283e+00
16                                     3.1758128512830339e+00
17                                     2.7594557548703271e+00
18                                     3.8495277027346946e+00
19                                     3.7451159927159168e+00
20                                     3.9223336400253772e+00
21                                     3.8271122403998010e+00
22                                     9.9159121348555301e-01
23                                     9.5842824212359357e-01
24                                     9.5846474866630937e-01
25                                     1.0056349200771995e+00
26                                     9.6787968099625443e-01
27                                     9.6861535810218680e-01
28                                     9.6505533653942999e-01
29                                     9.6361891017153600e-01
30                                     9.7610044042006083e-01
31                                     9.7097568760220687e-01
32                                     9.6464652599558132e-01
   &BVA [&Type "ArrayOfDoubles", &Dim (33,1)] "Mayer's bonded valence"
                                                         0

0                                      3.8204014441405056e+00
1                                      3.7951661281247246e+00
2                                      3.1255237929963995e+00
3                                      3.8626444803976794e+00
4                                      4.0661972443917165e+00
5                                      3.8788535992554896e+00
6                                      3.6004963400847174e+00
7                                      3.8156407018419229e+00
8                                      3.9190575671754111e+00
9                                      3.9261932385596015e+00
10                                     3.8220030433200471e+00
11                                     3.8612619163291169e+00
12                                     3.6142589148546080e+00
13                                     4.1336956452223941e+00
14                                     3.1791482047978814e+00
15                                     4.1275048509114374e+00
16                                     3.1758128512830019e+00
17                                     2.7594557548704373e+00
18                                     3.8495277027346613e+00
19                                     3.7451159927156841e+00
20                                     3.9223336400253972e+00
21                                     3.8271122403999431e+00
22                                     9.9159121348558521e-01
23                                     9.5842824212360334e-01
24                                     9.5846474866630182e-01
25                                     1.0056349200771992e+00
26                                     9.6787968099622712e-01
27                                     9.6861535810215493e-01
28                                     9.6505533653940934e-01
29                                     9.6361891017149126e-01
30                                     9.7610044042005040e-01
31                                     9.7097568760219688e-01
32                                     9.6464652599561918e-01
   &FA [&Type "ArrayOfDoubles", &Dim (33,1)] "Mayer's free valence"
                                                         0

0                                      0.0000000000000000e+00
1                                      0.0000000000000000e+00
2                                      0.0000000000000000e+00
3                                      0.0000000000000000e+00
4                                      0.0000000000000000e+00
5                                      0.0000000000000000e+00
6                                      0.0000000000000000e+00
7                                      0.0000000000000000e+00
8                                      0.0000000000000000e+00
9                                      0.0000000000000000e+00
10                                     0.0000000000000000e+00
11                                     0.0000000000000000e+00
12                                     0.0000000000000000e+00
13                                     0.0000000000000000e+00
14                                     0.0000000000000000e+00
15                                     0.0000000000000000e+00
16                                     0.0000000000000000e+00
17                                     0.0000000000000000e+00
18                                     0.0000000000000000e+00
19                                     0.0000000000000000e+00
20                                     0.0000000000000000e+00
21                                     0.0000000000000000e+00
22                                     0.0000000000000000e+00
23                                     0.0000000000000000e+00
24                                     0.0000000000000000e+00
25                                     0.0000000000000000e+00
26                                     0.0000000000000000e+00
27                                     0.0000000000000000e+00
28                                     0.0000000000000000e+00
29                                     0.0000000000000000e+00
30                                     0.0000000000000000e+00
31                                     0.0000000000000000e+00
32                                     0.0000000000000000e+00
   &Method [&Type "String"] "SCF"
   &Level [&Type "String"] "Relaxed density"
   &Mult [&Type "Integer"] 1
   &State [&Type "Integer"] -1
   &Irrep [&Type "Integer"] 0
$End
$SCF_Energy
   &GeometryIndex 1
   &Method [&Type "String"] "SCF"
   &totalEnergy [&Type "ArrayOfDoubles", &Dim (1,1)] "Total energy of each state"
                                                         0

0                                     -1.2548349303545479e+03
   &Mult [&Type "ArrayOfIntegers", &Dim (1,1)] "Multiplicity of each state"
                                                         0

0                                                        1
$End
$DFT_Energy
   &GeometryIndex 1
   &nAlphaEl [&Type "Integer"] 78
   &nBetaEl [&Type "Integer"] 78
   &nTotalEl [&Type "Integer"] 156
   &finalEn [&Type "Double"]      -1.2548349303545479e+03  "No Van der Waals correction"
   &eExchange [&Type "Double"]       0.0000000000000000e+00
   &eCorr [&Type "Double"]       0.0000000000000000e+00
   &eXC [&Type "Double"]      -1.0860231873479057e+02
   &eCNL [&Type "Double"]       0.0000000000000000e+00
$End
$Solvation_Details
   &GeometryIndex 1
   &Solvent [&Type "String"] "TETRAHYDROFURAN"
   &Epsilon [&Type "Double"]       7.5650000000000004e+00
   &Refrac [&Type "Double"]       1.4050000000000000e+00
   &RSolv [&Type "Double"]       1.3000000000000000e+00
   &SurfaceType [&Type "String"] "GAUSSIAN VDW"
   &CPCMDielEnergy [&Type "Double"]      -2.7289392999999999e-02
   &NPoints [&Type "Integer"] 3321
   &SurfaceArea [&Type "Double"]       1.2290992915280001e+03
$End
$SCF_Timings
   &GeometryIndex 1
   &TOTAL [&Type "Double"]       1.5956671800000001e+02
   &PREP [&Type "Double"]       2.6654949999999999e+00
   &FOCK [&Type "Double"]       1.4265649999999997e+02
   &DENS [&Type "Double"]       1.2020580000000507e+00
   &ETOT [&Type "Double"]       7.6838700000002191e-01
   &POP [&Type "Double"]       3.8952799999998433e-01
   &TRAFO [&Type "Double"]       9.2903200000000297e-01
   &DIIS [&Type "Double"]       4.1594019999999929e+00
   &SOSCF [&Type "Double"]       2.9145039999999867e+00
   &XC [&Type "Double"]       8.3089160000000160e+00
   &FOCKSTART [&Type "Double"]       3.8211299999995996e-01
   &SOLV [&Type "Double"]       1.1351992000000001e+01
   &SOLV_INIT [&Type "Double"]       8.6196300000000003e-01
   &INT_PREP [&Type "Double"]       1.9999999949504854e-06
   &INT_BF [&Type "Double"]       1.9855759999996820e+00
   &INT_DENS [&Type "Double"]       2.0973960000005043e+00
   &INT_DENSIO [&Type "Double"]       1.7895464526700022e+05
   &INT_FUNC [&Type "Double"]       5.2830799999984634e-01
   &INT_POT [&Type "Double"]       2.0081230000001948e+00
   &INT_POTIO [&Type "Double"]       4.4882000000203703e-02
   &INT_SUM [&Type "Double"]       2.5340000000149132e-03
   &SPLITRIJ [&Type "Double"]       9.3874200000000059e+00
   &COSX [&Type "Double"]       1.1759761300000001e+02
   &FROZCORE [&Type "Double"]       7.7280999999999267e-02
$End
$CIS_Absorption_Spectrum
   &GeometryIndex 1
   &Method [&Type "Integer"] 20
   &RelCorrection [&Type "Integer"] 1 "Type of relativistic treatment in QDPT. 0->Unknow, 1->None, 2->SOC, 3->SSC, 4->SOC/SSC"
   &DensType [&Type "Integer"] 3 "Type of density (electron/spin ...). 0->Unknow, 1->Electronic, 2->Spin, 3->Trans/Electronic, 4->Tran/Spin"
   &DeriType [&Type "Integer"] 0 "Type of derivative (w.r.t. to what perturbation). 0->Unknown, 1->No Derivative, 2->Electric/Dipole, 3->Electric/Quad, 4->Magnetic/Dipole, 5->Magnetic/Quad"
   &DensLevel [&Type "Integer"] 0 "// Source of density: relaxed, unrelaxed, ... 0->Unknown, 1->Linearized, 2->Unrelaxed, 3->Relaxed"
   &Density_name [&Type "String"] "Tdens-CIS"
   &Representation [&Type "String"] "Length" "Possible values: Unknown,  Length, Velocity"
   &PointGroup [&Type "String"] "C1"
   &DoHigherMoments [&Type "Boolean"] false
   &NTrans [&Type "Integer"] 10
   &ExcitationEnergies [&Type "ArrayOfDoubles", &Dim (10,11)] 
                                                         0                           1                           2                           3                           4                           5                           6                           7

0                                      3.2480060028671907e+00         2.6196937864328069e+04         3.8172400346136754e+02         1.6031802602024368e+00         2.0146862112248410e+01         3.7863876064527391e+00         0.0000000000000000e+00        -2.4034626598510132e+00
1                                      4.1660925801074189e+00         3.3601806265681000e+04         2.9760304910195970e+02         2.8970276573323111e-02         2.8383477606986135e-01         4.8390002098782975e-01         0.0000000000000000e+00        -2.1981063493567490e-01
2                                      4.3990923818437322e+00         3.5481076600495260e+04         2.8184037684641214e+02         3.1210883823699454e-02         2.8959086975013421e-01        -1.1125061796902808e-02         0.0000000000000000e+00         5.3758325553791197e-01
3                                      4.6377544306005110e+00         3.7406016042212861e+04         2.6733667623718480e+02         2.6635003901658478e-02         2.3441580851490187e-01        -4.7279202575361903e-03         0.0000000000000000e+00         2.4184567885798736e-01
4                                      4.7238686863079025e+00         3.8100574427883315e+04         2.6246323448293350e+02         2.0346526307990801e-03         1.7580626124188058e-02        -8.8067205362695033e-03         0.0000000000000000e+00        -1.1528913736382046e-02
5                                      4.9208028620246296e+00         3.9688955840990180e+04         2.5195926141428353e+02         1.2920752904177821e-01         1.0717505992942367e+00        -3.1579259326025927e-01         0.0000000000000000e+00        -9.7648798009389026e-01
6                                      5.0586745671952915e+00         4.0800966253044971e+04         2.4509223477651588e+02         8.5421309307312149e-02         6.8924141112916271e-01         3.4251368012776490e-01         0.0000000000000000e+00        -7.5535132166702912e-01
7                                      5.3176672470894157e+00         4.2889883310622099e+04         2.3315521582506616e+02         8.7800618939133865e-02         6.7393544773352554e-01        -8.1146412338430718e-01         0.0000000000000000e+00        -1.0015550710014556e-01
8                                      5.3215314743280056e+00         4.2921050408458010e+04         2.3298591028959072e+02         1.2352719688640289e-02         9.4747515757980003e-02        -2.8388816957128787e-01         0.0000000000000000e+00        -3.0073738579269128e-02
9                                      5.4646692109323736e+00         4.4075534232858292e+04         2.2688323973949713e+02         6.0689124340127032e-01         4.5330329253754691e+00        -2.0207419276361618e+00         0.0000000000000000e+00        -5.6146034150394974e-01
                                                         8                           9                          10

0                                      0.0000000000000000e+00        -1.8302526779492131e-01         0.0000000000000000e+00
1                                      0.0000000000000000e+00        -3.6862318524676869e-02         0.0000000000000000e+00
2                                      0.0000000000000000e+00         2.1710507027919327e-02         0.0000000000000000e+00
3                                      0.0000000000000000e+00         4.1940925466977896e-01         0.0000000000000000e+00
4                                      0.0000000000000000e+00        -1.3179587226329650e-01         0.0000000000000000e+00
5                                      0.0000000000000000e+00        -1.3600316933200943e-01         0.0000000000000000e+00
6                                      0.0000000000000000e+00        -3.7015819731165689e-02         0.0000000000000000e+00
7                                      0.0000000000000000e+00        -7.3690559715448856e-02         0.0000000000000000e+00
8                                      0.0000000000000000e+00        -1.1511122092702121e-01         0.0000000000000000e+00
9                                      0.0000000000000000e+00        -3.6660233521763802e-01         0.0000000000000000e+00
   &States [&Type "ArrayOfIntegers", &Dim (10,4)] "The initial and Final states. Col1: Initial State  Col2: Initial Irrep Col3: Final State Col4: Final Irrep"
                                                         0                           1                           2                           3

0                                                        0                           0                           1                           0
1                                                        0                           0                           2                           0
2                                                        0                           0                           3                           0
3                                                        0                           0                           4                           0
4                                                        0                           0                           5                           0
5                                                        0                           0                           6                           0
6                                                        0                           0                           7                           0
7                                                        0                           0                           8                           0
8                                                        0                           0                           9                           0
9                                                        0                           0                          10                           0
   &Multiplicities [&Type "ArrayOfDoubles", &Dim (10,2)] "Col1: Multiplicity of the initial state  Col2: Multiplicity of the final state"
                                                         0                           1

0                                      1.0000000000000000e+00         1.0000000000000000e+00
1                                      1.0000000000000000e+00         1.0000000000000000e+00
2                                      1.0000000000000000e+00         1.0000000000000000e+00
3                                      1.0000000000000000e+00         1.0000000000000000e+00
4                                      1.0000000000000000e+00         1.0000000000000000e+00
5                                      1.0000000000000000e+00         1.0000000000000000e+00
6                                      1.0000000000000000e+00         1.0000000000000000e+00
7                                      1.0000000000000000e+00         1.0000000000000000e+00
8                                      1.0000000000000000e+00         1.0000000000000000e+00
9                                      1.0000000000000000e+00         1.0000000000000000e+00
   &Temperature [&Type "Double"]       2.9814999999999998e+02
$End
$CIS_Absorption_Spectrum
   &GeometryIndex 1
   &Method [&Type "Integer"] 20
   &RelCorrection [&Type "Integer"] 1 "Type of relativistic treatment in QDPT. 0->Unknow, 1->None, 2->SOC, 3->SSC, 4->SOC/SSC"
   &DensType [&Type "Integer"] 3 "Type of density (electron/spin ...). 0->Unknow, 1->Electronic, 2->Spin, 3->Trans/Electronic, 4->Tran/Spin"
   &DeriType [&Type "Integer"] 0 "Type of derivative (w.r.t. to what perturbation). 0->Unknown, 1->No Derivative, 2->Electric/Dipole, 3->Electric/Quad, 4->Magnetic/Dipole, 5->Magnetic/Quad"
   &DensLevel [&Type "Integer"] 0 "// Source of density: relaxed, unrelaxed, ... 0->Unknown, 1->Linearized, 2->Unrelaxed, 3->Relaxed"
   &Density_name [&Type "String"] "Tdens-CIS"
   &Representation [&Type "String"] "Velocity" "Possible values: Unknown,  Length, Velocity"
   &PointGroup [&Type "String"] "C1"
   &DoHigherMoments [&Type "Boolean"] false
   &NTrans [&Type "Integer"] 10
   &ExcitationEnergies [&Type "ArrayOfDoubles", &Dim (10,11)] 
                                                         0                           1                           2                           3                           4                           5                           6                           7

0                                      3.2480060028671907e+00         2.6196937864328069e+04         3.8172400346136754e+02         7.5974816707546466e-01         1.3602762698910348e-01        -3.3770332903764894e-01         0.0000000000000000e+00         1.4808279629767201e-01
1                                      4.1660925801074189e+00         3.3601806265681000e+04         2.9760304910195970e+02         1.3047590660187009e-02         2.9964006150648682e-03        -5.2843359346444643e-02         0.0000000000000000e+00         1.3774467604438666e-02
2                                      4.3990923818437322e+00         3.5481076600495260e+04         2.8184037684641214e+02         2.7352703772377560e-02         6.6329081299792226e-03         5.9612942681982542e-02         0.0000000000000000e+00         5.2856958704172528e-02
3                                      4.6377544306005110e+00         3.7406016042212861e+04         2.6733667623718480e+02         1.3719825687097556e-02         3.5074943507320943e-03        -1.0900694030506506e-02         0.0000000000000000e+00        -5.7521416775225681e-02
4                                      4.7238686863079025e+00         3.8100574427883315e+04         2.6246323448293350e+02         1.3749048180515275e-03         3.5802313251634285e-04         2.7728688185415314e-03         0.0000000000000000e+00        -3.4618181715261194e-03
5                                      4.9208028620246296e+00         3.9688955840990180e+04         2.5195926141428353e+02         3.5039451436347751e-03         9.5046012753482274e-04        -7.7817260404844388e-03         0.0000000000000000e+00         2.6350066075760022e-02
6                                      5.0586745671952915e+00         4.0800966253044971e+04         2.4509223477651588e+02         9.7004863245868447e-03         2.7050225307332153e-03        -4.4045209733051240e-02         0.0000000000000000e+00         2.7659020755433524e-02
7                                      5.3176672470894157e+00         4.2889883310622099e+04         2.3315521582506616e+02         2.4782670878154688e-02         7.2645698651337149e-03         8.4010991442292793e-02         0.0000000000000000e+00        -1.3526515617395155e-02
8                                      5.3215314743280056e+00         4.2921050408458010e+04         2.3298591028959072e+02         3.2934651313283256e-03         9.6611837580989196e-04         2.9412846035383217e-02         0.0000000000000000e+00        -5.8670247555445499e-03
9                                      5.4646692109323736e+00         4.4075534232858292e+04         2.2688323973949713e+02         1.4353812873791502e-01         4.3238617154003178e-02         2.0322768401367669e-01         0.0000000000000000e+00        -2.9139522101778493e-02
                                                         8                           9                          10

0                                      0.0000000000000000e+00         7.4547962182123411e-03         0.0000000000000000e+00
1                                      0.0000000000000000e+00        -3.7741264236454803e-03         0.0000000000000000e+00
2                                      0.0000000000000000e+00         1.6892220437801721e-02         0.0000000000000000e+00
3                                      0.0000000000000000e+00        -8.9418025339502594e-03         0.0000000000000000e+00
4                                      0.0000000000000000e+00        -1.8394296561129880e-02         0.0000000000000000e+00
5                                      0.0000000000000000e+00         1.3984952097477847e-02         0.0000000000000000e+00
6                                      0.0000000000000000e+00        -1.4353102536184787e-04         0.0000000000000000e+00
7                                      0.0000000000000000e+00         4.8740698875874237e-03         0.0000000000000000e+00
8                                      0.0000000000000000e+00        -8.1597110504331698e-03         0.0000000000000000e+00
9                                      0.0000000000000000e+00         3.2985055041947701e-02         0.0000000000000000e+00
   &States [&Type "ArrayOfIntegers", &Dim (10,4)] "The initial and Final states. Col1: Initial State  Col2: Initial Irrep Col3: Final State Col4: Final Irrep"
                                                         0                           1                           2                           3

0                                                        0                           0                           1                           0
1                                                        0                           0                           2                           0
2                                                        0                           0                           3                           0
3                                                        0                           0                           4                           0
4                                                        0                           0                           5                           0
5                                                        0                           0                           6                           0
6                                                        0                           0                           7                           0
7                                                        0                           0                           8                           0
8                                                        0                           0                           9                           0
9                                                        0                           0                          10                           0
   &Multiplicities [&Type "ArrayOfDoubles", &Dim (10,2)] "Col1: Multiplicity of the initial state  Col2: Multiplicity of the final state"
                                                         0                           1

0                                      1.0000000000000000e+00         1.0000000000000000e+00
1                                      1.0000000000000000e+00         1.0000000000000000e+00
2                                      1.0000000000000000e+00         1.0000000000000000e+00
3                                      1.0000000000000000e+00         1.0000000000000000e+00
4                                      1.0000000000000000e+00         1.0000000000000000e+00
5                                      1.0000000000000000e+00         1.0000000000000000e+00
6                                      1.0000000000000000e+00         1.0000000000000000e+00
7                                      1.0000000000000000e+00         1.0000000000000000e+00
8                                      1.0000000000000000e+00         1.0000000000000000e+00
9                                      1.0000000000000000e+00         1.0000000000000000e+00
   &Temperature [&Type "Double"]       2.9814999999999998e+02
$End
$CIS_ECD_Spectrum
   &GeometryIndex 1
   &Method [&Type "Integer"] 20
   &RelCorrection [&Type "Integer"] 1 "Type of relativistic treatment in QDPT. 0->Unknow, 1->None, 2->SOC, 3->SSC, 4->SOC/SSC"
   &DensType [&Type "Integer"] 3 "Type of density (electron/spin ...). 0->Unknow, 1->Electronic, 2->Spin, 3->Trans/Electronic, 4->Tran/Spin"
   &DeriType [&Type "Integer"] 0 "Type of derivative (w.r.t. to what perturbation). 0->Unknown, 1->No Derivative, 2->Electric/Dipole, 3->Electric/Quad, 4->Magnetic/Dipole, 5->Magnetic/Quad"
   &DensLevel [&Type "Integer"] 0 "// Source of density: relaxed, unrelaxed, ... 0->Unknown, 1->Linearized, 2->Unrelaxed, 3->Relaxed"
   &Density_name [&Type "String"] "Tdens-CIS"
   &Representation [&Type "String"] "Length" "Possible values: Unknown,  Length, Velocity"
   &PointGroup [&Type "String"] "C1"
   &DoHigherMoments [&Type "Boolean"] false
   &NTrans [&Type "Integer"] 10
   &ExcitationEnergies [&Type "ArrayOfDoubles", &Dim (10,10)] 
                                                         0                           1                           2                           3                           4                           5                           6                           7

0                                      3.2480060028671907e+00         2.6196937864328069e+04         3.8172400346136754e+02        -1.0193742586485718e+02        -4.5623485430689142e-02         0.0000000000000000e+00        -2.1890686837459769e-01         0.0000000000000000e+00
1                                      4.1660925801074189e+00         3.3601806265681000e+04         2.9760304910195970e+02         5.6939200315528735e+00        -8.5568448011701190e-03         0.0000000000000000e+00         1.0264936877789026e-02         0.0000000000000000e+00
2                                      4.3990923818437322e+00         3.5481076600495260e+04         2.8184037684641214e+02         1.4923945298193399e+01        -4.1848492719969502e-02         0.0000000000000000e+00        -7.1258737228114266e-02         0.0000000000000000e+00
3                                      4.6377544306005110e+00         3.7406016042212861e+04         2.6733667623718480e+02         4.9465027859910684e+01         4.8753682265079049e-02         0.0000000000000000e+00         6.4100585977967792e-02         0.0000000000000000e+00
4                                      4.7238686863079025e+00         3.8100574427883315e+04         2.6246323448293350e+02        -2.0506350710578998e+00        -1.7267356709369863e-01         0.0000000000000000e+00         1.0529999149041522e-01         0.0000000000000000e+00
5                                      4.9208028620246296e+00         3.9688955840990180e+04         2.5195926141428353e+02        -1.8542694802577333e+01        -2.0481274373968877e-02         0.0000000000000000e+00        -4.0199165127238749e-02         0.0000000000000000e+00
6                                      5.0586745671952915e+00         4.0800966253044971e+04         2.4509223477651588e+02         9.5121536951203733e-01        -2.3963916615712868e-02         0.0000000000000000e+00        -1.0268994976394169e-02         0.0000000000000000e+00
7                                      5.3176672470894157e+00         4.2889883310622099e+04         2.3315521582506616e+02        -2.0855491691919042e+01        -4.7046201752722026e-02         0.0000000000000000e+00        -6.1983365212862081e-02         0.0000000000000000e+00
8                                      5.3215314743280056e+00         4.2921050408458010e+04         2.3298591028959072e+02        -1.6196106585542463e+01        -1.2024828376413163e-01         0.0000000000000000e+00         4.5590005925402424e-02         0.0000000000000000e+00
9                                      5.4646692109323736e+00         4.4075534232858292e+04         2.2688323973949713e+02         5.6536889964865246e+01         1.6135963310889043e-02         0.0000000000000000e+00         1.5467809684697506e-02         0.0000000000000000e+00
                                                         8                           9

0                                      7.4943469256315731e-01         0.0000000000000000e+00
1                                      1.5409904603119579e-01         0.0000000000000000e+00
2                                      2.8495707215909671e-01         0.0000000000000000e+00
3                                     -2.8657655602505855e-01         0.0000000000000000e+00
4                                     -3.0675735921637699e-02         0.0000000000000000e+00
5                                      4.6989238301507946e-02         0.0000000000000000e+00
6                                      4.2316094934626840e-02         0.0000000000000000e+00
7                                      2.0006052820132555e-03         0.0000000000000000e+00
8                                     -1.3793346445489690e-02         0.0000000000000000e+00
9                                      2.1448295694358227e-01         0.0000000000000000e+00
   &States [&Type "ArrayOfIntegers", &Dim (10,4)] "The initial and Final states. Col1: Initial State  Col2: Initial Irrep Col3: Final State Col4: Final Irrep"
                                                         0                           1                           2                           3

0                                                        0                           0                           1                           0
1                                                        0                           0                           2                           0
2                                                        0                           0                           3                           0
3                                                        0                           0                           4                           0
4                                                        0                           0                           5                           0
5                                                        0                           0                           6                           0
6                                                        0                           0                           7                           0
7                                                        0                           0                           8                           0
8                                                        0                           0                           9                           0
9                                                        0                           0                          10                           0
   &Multiplicities [&Type "ArrayOfDoubles", &Dim (10,2)] "Col1: Multiplicity of the initial state  Col2: Multiplicity of the final state"
                                                         0                           1

0                                      1.0000000000000000e+00         1.0000000000000000e+00
1                                      1.0000000000000000e+00         1.0000000000000000e+00
2                                      1.0000000000000000e+00         1.0000000000000000e+00
3                                      1.0000000000000000e+00         1.0000000000000000e+00
4                                      1.0000000000000000e+00         1.0000000000000000e+00
5                                      1.0000000000000000e+00         1.0000000000000000e+00
6                                      1.0000000000000000e+00         1.0000000000000000e+00
7                                      1.0000000000000000e+00         1.0000000000000000e+00
8                                      1.0000000000000000e+00         1.0000000000000000e+00
9                                      1.0000000000000000e+00         1.0000000000000000e+00
   &Temperature [&Type "Double"]       2.9814999999999998e+02
$End
$CIS_ECD_Spectrum
   &GeometryIndex 1
   &Method [&Type "Integer"] 20
   &RelCorrection [&Type "Integer"] 1 "Type of relativistic treatment in QDPT. 0->Unknow, 1->None, 2->SOC, 3->SSC, 4->SOC/SSC"
   &DensType [&Type "Integer"] 3 "Type of density (electron/spin ...). 0->Unknow, 1->Electronic, 2->Spin, 3->Trans/Electronic, 4->Tran/Spin"
   &DeriType [&Type "Integer"] 0 "Type of derivative (w.r.t. to what perturbation). 0->Unknown, 1->No Derivative, 2->Electric/Dipole, 3->Electric/Quad, 4->Magnetic/Dipole, 5->Magnetic/Quad"
   &DensLevel [&Type "Integer"] 0 "// Source of density: relaxed, unrelaxed, ... 0->Unknown, 1->Linearized, 2->Unrelaxed, 3->Relaxed"
   &Density_name [&Type "String"] "Tdens-CIS"
   &Representation [&Type "String"] "Velocity" "Possible values: Unknown,  Length, Velocity"
   &PointGroup [&Type "String"] "C1"
   &DoHigherMoments [&Type "Boolean"] false
   &NTrans [&Type "Integer"] 10
   &ExcitationEnergies [&Type "ArrayOfDoubles", &Dim (10,10)] 
                                                         0                           1                           2                           3                           4                           5                           6                           7

0                                      3.2480060028671907e+00         2.6196937864328069e+04         3.8172400346136754e+02        -4.5115093165239031e+01        -4.5623485430689142e-02         0.0000000000000000e+00        -2.1890686837459769e-01         0.0000000000000000e+00
1                                      4.1660925801074189e+00         3.3601806265681000e+04         2.9760304910195970e+02         3.6881842587273624e-02        -8.5568448011701190e-03         0.0000000000000000e+00         1.0264936877789026e-02         0.0000000000000000e+00
2                                      4.3990923818437322e+00         3.5481076600495260e+04         2.8184037684641214e+02        -4.2217701366213767e+00        -4.1848492719969502e-02         0.0000000000000000e+00        -7.1258737228114266e-02         0.0000000000000000e+00
3                                      4.6377544306005110e+00         3.7406016042212861e+04         2.6733667623718480e+02        -4.5810410893841080e+00         4.8753682265079049e-02         0.0000000000000000e+00         6.4100585977967792e-02         0.0000000000000000e+00
4                                      4.7238686863079025e+00         3.8100574427883315e+04         2.6246323448293350e+02        -7.5788838093895339e-01        -1.7267356709369863e-01         0.0000000000000000e+00         1.0529999149041522e-01         0.0000000000000000e+00
5                                      4.9208028620246296e+00         3.9688955840990180e+04         2.5195926141428353e+02        -6.3280814270632024e-01        -2.0481274373968877e-02         0.0000000000000000e+00        -4.0199165127238749e-02         0.0000000000000000e+00
6                                      5.0586745671952915e+00         4.0800966253044971e+04         2.4509223477651588e+02         1.9410370801461583e+00        -2.3963916615712868e-02         0.0000000000000000e+00        -1.0268994976394169e-02         0.0000000000000000e+00
7                                      5.3176672470894157e+00         4.2889883310622099e+04         2.3315521582506616e+02        -7.4889213720473018e+00        -4.7046201752722026e-02         0.0000000000000000e+00        -6.1983365212862081e-02         0.0000000000000000e+00
8                                      5.3215314743280056e+00         4.2921050408458010e+04         2.3298591028959072e+02        -8.8998990265318660e+00        -1.2024828376413163e-01         0.0000000000000000e+00         4.5590005925402424e-02         0.0000000000000000e+00
9                                      5.4646692109323736e+00         4.4075534232858292e+04         2.2688323973949713e+02         2.3248882591069588e+01         1.6135963310889043e-02         0.0000000000000000e+00         1.5467809684697506e-02         0.0000000000000000e+00
                                                         8                           9

0                                      7.4943469256315731e-01         0.0000000000000000e+00
1                                      1.5409904603119579e-01         0.0000000000000000e+00
2                                      2.8495707215909671e-01         0.0000000000000000e+00
3                                     -2.8657655602505855e-01         0.0000000000000000e+00
4                                     -3.0675735921637699e-02         0.0000000000000000e+00
5                                      4.6989238301507946e-02         0.0000000000000000e+00
6                                      4.2316094934626840e-02         0.0000000000000000e+00
7                                      2.0006052820132555e-03         0.0000000000000000e+00
8                                     -1.3793346445489690e-02         0.0000000000000000e+00
9                                      2.1448295694358227e-01         0.0000000000000000e+00
   &States [&Type "ArrayOfIntegers", &Dim (10,4)] "The initial and Final states. Col1: Initial State  Col2: Initial Irrep Col3: Final State Col4: Final Irrep"
                                                         0                           1                           2                           3

0                                                        0                           0                           1                           0
1                                                        0                           0                           2                           0
2                                                        0                           0                           3                           0
3                                                        0                           0                           4                           0
4                                                        0                           0                           5                           0
5                                                        0                           0                           6                           0
6                                                        0                           0                           7                           0
7                                                        0                           0                           8                           0
8                                                        0                           0                           9                           0
9                                                        0                           0                          10                           0
   &Multiplicities [&Type "ArrayOfDoubles", &Dim (10,2)] "Col1: Multiplicity of the initial state  Col2: Multiplicity of the final state"
                                                         0                           1

0                                      1.0000000000000000e+00         1.0000000000000000e+00
1                                      1.0000000000000000e+00         1.0000000000000000e+00
2                                      1.0000000000000000e+00         1.0000000000000000e+00
3                                      1.0000000000000000e+00         1.0000000000000000e+00
4                                      1.0000000000000000e+00         1.0000000000000000e+00
5                                      1.0000000000000000e+00         1.0000000000000000e+00
6                                      1.0000000000000000e+00         1.0000000000000000e+00
7                                      1.0000000000000000e+00         1.0000000000000000e+00
8                                      1.0000000000000000e+00         1.0000000000000000e+00
9                                      1.0000000000000000e+00         1.0000000000000000e+00
   &Temperature [&Type "Double"]       2.9814999999999998e+02
$End
$CIS_Energies
   &GeometryIndex 1
   &e0 [&Type "Double"]      -1.2548349303545479e+03  "Ground state energy"
   &multP1 [&Type "Boolean"] false "Do the higher multiplicity too?"
   &mode [&Type "String"] "TDA" "CIS mode: CIS, RPA, TDA, TD-DFT, sTDA, sTD-DFT"
   &dCorr [&Type "Integer"] 0 "(D) Correction algorithm"
   &Method [&Type "String"] "TDA/CIS"
   &totalEnergy [&Type "ArrayOfDoubles", &Dim (10,1)] "Total energy of each state"
                                                         0

0                                     -1.2547155683230362e+03
1                                     -1.2546818292600954e+03
2                                     -1.2546732666744190e+03
3                                     -1.2546644960049807e+03
4                                     -1.2546613313641228e+03
5                                     -1.2546540941658950e+03
6                                     -1.2546490274736529e+03
7                                     -1.2546395096672229e+03
8                                     -1.2546393676594764e+03
9                                     -1.2546341074441282e+03
   &Mult [&Type "ArrayOfIntegers", &Dim (10,1)] "Multiplicity of each state"
                                                         0

0                                                        1
1                                                        1
2                                                        1
3                                                        1
4                                                        1
5                                                        1
6                                                        1
7                                                        1
8                                                        1
9                                                        1
   &RelCorr [&Type "String"] "None" "Relativistic correction (SOC and/or SSC)"
   &NBlocks [&Type "Integer"] 1 "Number of multiplicity blocks"
   &NRoots [&Type "ArrayOfIntegers", &Dim (1,1)] "Number of roots in each block"
                                                         0

0                                                       10
   &NTotalRoots [&Type "Integer"] 10 "Total number of roots"
   &Block [&Type "ArrayOfIntegers", &Dim (10,1)] "Block index of each state"
                                                         0

0                                                        0
1                                                        0
2                                                        0
3                                                        0
4                                                        0
5                                                        0
6                                                        0
7                                                        0
8                                                        0
9                                                        0
   &Root [&Type "ArrayOfIntegers", &Dim (10,1)] "Root index within the block"
                                                         0

0                                                        0
1                                                        1
2                                                        2
3                                                        3
4                                                        4
5                                                        5
6                                                        6
7                                                        7
8                                                        8
9                                                        9
$End
$Single_Point_Data
   &GeometryIndex 1
   &FinalEnergy [&Type "Double"]      -1.2547155683230362e+03  "Final single point energy"
   &Converged [&Type "Boolean"] true
$End
$Calculation_Info
   &GeometryIndex 1
   &Mult [&Type "Integer"] 1
   &Charge [&Type "Integer"] 0
   &NumOfAtoms [&Type "Integer"] 33
   &NumOfElectrons [&Type "Integer"] 156
   &NumOfBasisFuncts [&Type "Integer"] 754
   &NumOfAuxCBasisFuncts [&Type "Integer"] 0
   &NumOfAuxJBasisFuncts [&Type "Integer"] 1201
   &NumOfAuxJKBasisFuncts [&Type "Integer"] 0
   &NumOfCABSBasisFuncts [&Type "Integer"] 0
$End
$SCF_Dipole_Moment
   &GeometryIndex 1
   &dipoleMagnitude [&Type "Double", &Units "a.u."]       5.2989053811620250e+00
   &dipoleElecContrib [&Type "ArrayOfDoubles", &Dim (3,1)] "Electronic contribution"
                                                         0

0                                      2.2228255610350704e+01
1                                     -1.2678130989041366e+01
2                                     -6.1936651558333400e-01
   &dipoleNucContrib [&Type "ArrayOfDoubles", &Dim (3,1)] "Nuclear contribution"
                                                         0

0                                     -2.4302794476233480e+01
1                                      1.7514979711117967e+01
2                                      1.2354681080140195e+00
   &dipoleTotal [&Type "ArrayOfDoubles", &Dim (3,1)] "Total"
                                                         0

0                                     -2.0745388658827757e+00
1                                      4.8368487220766010e+00
2                                      6.1610159243068552e-01
   &doAtomicDipole [&Type "Boolean"] false
   &Method [&Type "String"] "SCF"
   &Level [&Type "String"] "Relaxed density"
   &Mult [&Type "Integer"] 1
   &State [&Type "Integer"] -1
   &Irrep [&Type "Integer"] 0
$End
$Calculation_Timings
   &GeometryIndex 1
   &GTOINT [&Type "Double"]       7.2385840000000004e+00
   &SCF [&Type "Double"]       1.6954641000000001e+02
   &CIS [&Type "Double"]       1.3556007099999997e+02
   &PROPINT [&Type "Double"]       3.2014580000000024e+00
   &PROP [&Type "Double"]       2.8958990000000426e+00
   &SUM [&Type "Double"]       3.1844242200000002e+02
$End
